# SIMINIT.DLL imagebase=0x10000000
kind	rva	name	source	signature
func	0x00104a	FUN_1000104a	DEFAULT	undefined FUN_1000104a(void)
func	0x001056	FUN_10001056	DEFAULT	undefined FUN_10001056(void)
func	0x001062	FUN_10001062	DEFAULT	undefined FUN_10001062(void)
func	0x00106e	cSC2Importer::GetBaseMapSize	IMPORTED	undefined GetBaseMapSize(void)
func	0x00108e	cSC2Importer::Init	IMPORTED	undefined1 Init(void * this, int * param_1)
func	0x0011d4	FUN_100011d4	DEFAULT	undefined4 * FUN_100011d4(void * this, int * param_1)
func	0x00122f	cSC3AgentTypeTree::Shutdown	IMPORTED	undefined Shutdown(void * this, char * param_1)
func	0x001284	FUN_10001284	DEFAULT	undefined4 * FUN_10001284(void * this, char * param_1)
func	0x0012da	cSC3AgentTypeTree::Init	IMPORTED	undefined Init(void)
func	0x0012f1	cSC3AgentTypeTree::Count	IMPORTED	undefined Count(void)
func	0x0012f5	cSC3AgentTypeTree::GetNode	IMPORTED	int GetNode(int param_1)
func	0x0012fc	FUN_100012fc	DEFAULT	undefined FUN_100012fc(void)
func	0x00133f	FUN_1000133f	DEFAULT	int FUN_1000133f(void * this, int param_1)
func	0x001366	cSC2Importer::MapIsPresent	IMPORTED	undefined MapIsPresent(void)
func	0x001379	cSC2Importer::GetValue	IMPORTED	uint GetValue(void * this, int param_1, uint param_2, uint param_3, undefined1 * param_4)
func	0x001679	cSC2Importer::GetMapSize	IMPORTED	undefined GetMapSize(void)
func	0x001741	cSC2Importer::GetMiscValue	IMPORTED	undefined GetMiscValue(void)
func	0x001777	cSC2Importer::GetZoneValue	IMPORTED	undefined GetZoneValue(void)
func	0x0017ba	cSC2Importer::GetFaceValue	IMPORTED	uint GetFaceValue(void * this, uint param_1, uint param_2, byte * param_3)
func	0x001853	cSC2Importer::GetAltValue	IMPORTED	undefined GetAltValue(void)
func	0x001896	cSC2Importer::GetTerrainAlt	IMPORTED	undefined GetTerrainAlt(void)
func	0x0018d9	cSC2Importer::GetWaterAlt	IMPORTED	undefined GetWaterAlt(void)
func	0x001920	cSC2Importer::GetTunnelDepth	IMPORTED	undefined GetTunnelDepth(void)
func	0x001967	cSC2Importer::GetCityName	IMPORTED	undefined GetCityName(void)
func	0x0019bf	cSC2Importer::GetLabel	IMPORTED	undefined GetLabel(void)
func	0x0019db	cSC2Importer::GetMicroRecord	IMPORTED	uint GetMicroRecord(void * this, int * param_1)
func	0x001a18	cSC2Importer::GetThingRecord	IMPORTED	uint GetThingRecord(void * this, int * param_1)
func	0x001a4f	cSC2Importer::GetGraphValue	IMPORTED	uint GetGraphValue(void * this, uint param_1, char param_2, byte param_3, int * param_4)
func	0x001ada	cSC2Importer::blowChunks	IMPORTED	uint blowChunks(void * this, int * param_1)
func	0x002021	FUN_10002021	DEFAULT	uint FUN_10002021(int * param_1, uint param_2, int param_3, uint param_4)
func	0x0020af	cSC2Importer::getSC2DataSize	IMPORTED	undefined4 getSC2DataSize(int * param_1, uint * param_2)
func	0x00213f	FUN_1000213f	DEFAULT	undefined FUN_1000213f(uint * param_1)
func	0x002166	FUN_10002166	DEFAULT	undefined FUN_10002166(undefined4 * param_1)
func	0x002177	FUN_10002177	DEFAULT	undefined FUN_10002177(undefined4 * param_1)
func	0x00217e	cSC2Importer::QueryInterface	IMPORTED	undefined QueryInterface(void)
func	0x0021a0	cSC2Importer::Release	IMPORTED	int Release(undefined4 * param_1)
func	0x0021d7	FUN_100021d7	DEFAULT	undefined FUN_100021d7(void * this, void * param_1, int param_2)
func	0x002215	FUN_10002215	DEFAULT	undefined FUN_10002215(int param_1)
func	0x002241	Catch@10002241	ANALYSIS	undefined Catch@10002241(void)
func	0x00224f	FUN_1000224f	DEFAULT	undefined FUN_1000224f(undefined1 * param_1)
func	0x002259	FUN_10002259	DEFAULT	undefined FUN_10002259(void * this, uint param_1)
func	0x00228d	FUN_1000228d	DEFAULT	undefined FUN_1000228d(undefined4 * param_1)
func	0x0022a6	FUN_100022a6	DEFAULT	undefined FUN_100022a6(uint param_1)
func	0x00231d	FUN_1000231d	DEFAULT	undefined FUN_1000231d(LONG * param_1)
func	0x0023dd	FUN_100023dd	DEFAULT	undefined FUN_100023dd(undefined4 * param_1, uint param_2)
func	0x002422	FUN_10002422	DEFAULT	undefined FUN_10002422(void)
func	0x00242d	FUN_1000242d	DEFAULT	undefined FUN_1000242d(void)
func	0x002496	FUN_10002496	DEFAULT	exception * FUN_10002496(void * this, undefined4 * param_1)
func	0x0024eb	FUN_100024eb	DEFAULT	undefined FUN_100024eb(void)
func	0x0024f5	FUN_100024f5	DEFAULT	undefined4 FUN_100024f5(undefined4 * param_1)
func	0x002577	FUN_10002577	DEFAULT	int * FUN_10002577(void * this, void * param_1, undefined1 * param_2)
func	0x0025d3	FUN_100025d3	DEFAULT	undefined FUN_100025d3(uint param_1)
func	0x00262a	FUN_1000262a	DEFAULT	undefined FUN_1000262a(size_t param_1)
func	0x002669	FUN_10002669	DEFAULT	void * FUN_10002669(void * this, void * param_1, void * param_2)
func	0x00269b	FUN_1000269b	DEFAULT	int * FUN_1000269b(void * this, undefined1 * param_1, undefined1 * param_2)
func	0x002786	Catch@10002786	ANALYSIS	undefined Catch@10002786(void)
func	0x0027e4	Catch@100027e4	ANALYSIS	undefined Catch@100027e4(void)
func	0x0027ed	FUN_100027ed	DEFAULT	undefined4 * FUN_100027ed(uint param_1, uint * param_2)
func	0x0028fa	FUN_100028fa	DEFAULT	undefined1 * FUN_100028fa(undefined1 * param_1, int param_2, undefined1 * param_3)
func	0x002968	FUN_10002968	DEFAULT	bool FUN_10002968(void * this, int * param_1)
func	0x0029ab	FUN_100029ab	DEFAULT	undefined4 FUN_100029ab(int param_1)
func	0x002a14	FUN_10002a14	DEFAULT	undefined4 FUN_10002a14(int param_1)
func	0x002a2b	cSC3AgentTypeTree::CreateAgentTypeCallback	IMPORTED	undefined CreateAgentTypeCallback(int * param_1, int * param_2, void * param_3)
func	0x002bf3	FUN_10002bf3	DEFAULT	undefined4 * FUN_10002bf3(undefined4 * param_1)
func	0x002c70	FUN_10002c70	DEFAULT	undefined FUN_10002c70(void)
func	0x002cbb	FUN_10002cbb	DEFAULT	undefined4 * FUN_10002cbb(undefined4 * param_1)
func	0x002d1d	FUN_10002d1d	DEFAULT	undefined FUN_10002d1d(undefined4 * param_1)
func	0x002d70	FUN_10002d70	DEFAULT	undefined FUN_10002d70(void * this, int * param_1)
func	0x002e88	FUN_10002e88	DEFAULT	undefined4 FUN_10002e88(int param_1)
func	0x002eb1	FUN_10002eb1	DEFAULT	undefined1 FUN_10002eb1(int * param_1)
func	0x002f3b	FUN_10002f3b	DEFAULT	undefined FUN_10002f3b(void * this, undefined4 param_1, undefined4 param_2)
func	0x002f56	FUN_10002f56	DEFAULT	undefined4 FUN_10002f56(void * this, undefined4 param_1, uint param_2, int * param_3)
func	0x00300b	FUN_1000300b	DEFAULT	undefined FUN_1000300b(void)
func	0x003030	FUN_10003030	DEFAULT	int FUN_10003030(undefined4 * param_1)
func	0x003065	FUN_10003065	DEFAULT	undefined4 FUN_10003065(int param_1)
func	0x0030d9	FUN_100030d9	DEFAULT	undefined FUN_100030d9(int * param_1)
func	0x00310a	FUN_1000310a	DEFAULT	undefined FUN_1000310a(void)
func	0x00310b	FUN_1000310b	DEFAULT	undefined FUN_1000310b(void)
func	0x003119	cSC3AgentTypeTreeIterator::AddRef	IMPORTED	undefined4 AddRef(int param_1)
func	0x003130	cSC3AgentTypeTreeIterator::Release	IMPORTED	int Release(void * param_1)
func	0x00315a	cSC3AgentTypeTreeIterator::cSC3AgentTypeTreeIterator	IMPORTED	undefined4 * cSC3AgentTypeTreeIterator(void * this, undefined4 param_1)
func	0x003179	cSC3AgentTypeTreeIterator::Rewind	IMPORTED	undefined Rewind(int param_1)
func	0x00318c	cSC3AgentTypeTreeIterator::Next	IMPORTED	undefined Next(void)
func	0x0031a9	FUN_100031a9	DEFAULT	undefined FUN_100031a9(void * this, undefined4 param_1, int param_2)
func	0x0031cd	FUN_100031cd	DEFAULT	undefined FUN_100031cd(int * param_1)
func	0x003203	FUN_10003203	DEFAULT	int FUN_10003203(void * this, uint * param_1)
func	0x003280	FUN_10003280	DEFAULT	undefined FUN_10003280(int * param_1)
func	0x0032b6	FUN_100032b6	DEFAULT	undefined4 * FUN_100032b6(undefined4 * param_1)
func	0x0032d7	FUN_100032d7	DEFAULT	undefined FUN_100032d7(int * param_1)
func	0x003306	Catch@10003306	ANALYSIS	undefined4 Catch@10003306(void)
func	0x00330c	FUN_1000330c	DEFAULT	int * FUN_1000330c(void * this, undefined1 * param_1)
func	0x003342	FUN_10003342	DEFAULT	undefined FUN_10003342(int * param_1)
func	0x00336b	FUN_1000336b	DEFAULT	undefined FUN_1000336b(void * this, undefined4 * param_1, undefined4 param_2, uint * param_3)
func	0x003397	FUN_10003397	DEFAULT	int * FUN_10003397(void * this, undefined1 * param_1)
func	0x0033cd	FUN_100033cd	DEFAULT	undefined FUN_100033cd(int * param_1)
func	0x0033f6	FUN_100033f6	DEFAULT	undefined FUN_100033f6(undefined4 * param_1)
func	0x003402	FUN_10003402	DEFAULT	undefined FUN_10003402(undefined4 * param_1)
func	0x003432	FUN_10003432	DEFAULT	undefined FUN_10003432(int * param_1)
func	0x00346a	FUN_1000346a	DEFAULT	undefined FUN_1000346a(void * this, int param_1, int param_2)
func	0x0034b6	FUN_100034b6	DEFAULT	undefined FUN_100034b6(void * this, undefined4 * param_1, uint * param_2)
func	0x003505	FUN_10003505	DEFAULT	undefined FUN_10003505(undefined4 * param_1)
func	0x003535	FUN_10003535	DEFAULT	undefined FUN_10003535(void * this, undefined4 * param_1, int param_2, uint * param_3)
func	0x003620	FUN_10003620	DEFAULT	undefined FUN_10003620(void * this, int * param_1, uint * param_2)
func	0x003664	FUN_10003664	DEFAULT	undefined FUN_10003664(char * param_1, int * param_2)
func	0x00371f	FUN_1000371f	DEFAULT	undefined FUN_1000371f(int param_1, int * param_2)
func	0x00375f	FUN_1000375f	DEFAULT	undefined FUN_1000375f(int param_1, int * param_2)
func	0x00379f	FUN_1000379f	DEFAULT	undefined FUN_1000379f(void * this, char * param_1)
func	0x0037cb	FUN_100037cb	DEFAULT	char * FUN_100037cb(char * param_1, int * param_2, undefined4 * param_3, undefined4 * param_4)
func	0x0039f9	FUN_100039f9	DEFAULT	undefined FUN_100039f9(void * this, undefined4 * param_1, int param_2, int param_3, undefined4 * param_4)
func	0x003a85	FUN_10003a85	DEFAULT	undefined FUN_10003a85(void * this, int * param_1, uint * param_2)
func	0x003b2d	FUN_10003b2d	DEFAULT	undefined FUN_10003b2d(undefined4 * param_1)
func	0x003bcd	FUN_10003bcd	DEFAULT	undefined FUN_10003bcd(undefined4 * param_1)
func	0x003be7	cSC3CityDefinition::GetAgentTypeTree	IMPORTED	undefined GetAgentTypeTree(void)
func	0x003beb	cSC3CityDefinition::~cSC3CityDefinition	IMPORTED	undefined4 * ~cSC3CityDefinition(void * this, byte param_1)
func	0x003c07	FUN_10003c07	DEFAULT	undefined FUN_10003c07(undefined4 * param_1)
func	0x003c19	cSC3CityDefinition::Init	IMPORTED	undefined4 Init(int * param_1)
func	0x003ca9	cSC3CityDefinition::Shutdown	IMPORTED	undefined4 Shutdown(int param_1)
func	0x003d08	cSC3CityDefinition::QueryInterface	IMPORTED	undefined QueryInterface(void)
func	0x003d30	cSC3CityDefinition::AddRef	IMPORTED	undefined4 AddRef(int param_1)
func	0x003d47	cSC3CityDefinition::Release	IMPORTED	int Release(int * param_1)
func	0x003d77	cSC3CityDefinition::GetFileType	IMPORTED	byte GetFileType(void * this, undefined4 param_1)
func	0x003de2	cSC3CityDefinition::ValidateSC2File	IMPORTED	undefined1 ValidateSC2File(int * param_1)
func	0x003f27	cSC3CityDefinition::ValidateSCXFile	IMPORTED	uint ValidateSCXFile(int * param_1)
func	0x003f87	cSC3CityDefinition::ValidateSC3File	IMPORTED	undefined1 ValidateSC3File(int * param_1)
func	0x004026	cSC3CityDefinition::ValidateSNRFile	IMPORTED	uint ValidateSNRFile(int * param_1)
func	0x0040f5	cSC3CityDefinition::ValidateSCTFile	IMPORTED	undefined1 ValidateSCTFile(int * param_1)
func	0x004230	FUN_10004230	DEFAULT	undefined FUN_10004230(undefined4 * param_1)
func	0x0042ca	cSC3CityDefinition::ValidateST3File	IMPORTED	undefined1 ValidateST3File(int * param_1)
func	0x004405	FUN_10004405	DEFAULT	undefined4 * FUN_10004405(void * this, int * param_1, uint param_2, uint param_3)
func	0x00446f	FUN_1000446f	DEFAULT	uint FUN_1000446f(void * param_1, size_t param_2, void * param_3, int param_4)
func	0x0044b9	FUN_100044b9	DEFAULT	undefined FUN_100044b9(void)
func	0x004522	FUN_10004522	DEFAULT	undefined FUN_10004522(void)
func	0x00453e	FUN_1000453e	DEFAULT	undefined4 FUN_1000453e(undefined4 * param_1, undefined4 * param_2)
func	0x004626	FUN_10004626	DEFAULT	undefined FUN_10004626(void)
func	0x004636	FUN_10004636	DEFAULT	undefined FUN_10004636(void)
func	0x004656	FUN_10004656	DEFAULT	undefined FUN_10004656(void)
func	0x004666	FUN_10004666	DEFAULT	undefined FUN_10004666(void)
func	0x00467c	FUN_1000467c	DEFAULT	undefined FUN_1000467c(int * param_1, int param_2, int param_3)
func	0x0048e8	FUN_100048e8	DEFAULT	undefined FUN_100048e8(int * param_1, int param_2, int param_3)
func	0x004b54	FUN_10004b54	DEFAULT	undefined FUN_10004b54(int * param_1, int param_2, int param_3)
func	0x004e3b	cSC3NewCityInfo::AddRef	IMPORTED	undefined AddRef(void)
func	0x004e42	FUN_10004e42	DEFAULT	undefined FUN_10004e42(int param_1, undefined4 param_2, int param_3)
func	0x004f76	FUN_10004f76	DEFAULT	undefined FUN_10004f76(int * param_1, undefined4 param_2, int param_3)
func	0x004f9f	cSC3CitySchemeMgr::ClearReplacementSet	IMPORTED	undefined ClearReplacementSet(int param_1)
func	0x004ff9	cSC3CitySchemeMgr::CreateBATBuildingResources	IMPORTED	undefined CreateBATBuildingResources(int * param_1)
func	0x005083	FUN_10005083	DEFAULT	undefined1 FUN_10005083(undefined4 param_1, undefined4 param_2, undefined4 * param_3)
func	0x0050cd	FUN_100050cd	DEFAULT	undefined4 * FUN_100050cd(undefined4 * param_1)
func	0x0051e3	cSC3CitySchemeMgr::~cSC3CitySchemeMgr	IMPORTED	undefined4 * ~cSC3CitySchemeMgr(void * this, byte param_1)
func	0x005209	FUN_10005209	DEFAULT	undefined FUN_10005209(undefined4 * param_1)
func	0x005332	FUN_10005332	DEFAULT	undefined FUN_10005332(int param_1)
func	0x00533e	cSC3CitySchemeMgr::GetBATBuildingKeys	IMPORTED	undefined GetBATBuildingKeys(void * this, int param_1, uint param_2, uint * param_3)
func	0x0053a4	cSC3CitySchemeMgr::GetBATBuildings	IMPORTED	undefined GetBATBuildings(void)
func	0x0053be	FUN_100053be	DEFAULT	undefined FUN_100053be(void * this, int * param_1, uint param_2)
func	0x005424	cSC3CitySchemeMgr::GetBuildingSetIconKey	IMPORTED	undefined GetBuildingSetIconKey(void)
func	0x005450	cSC3CitySchemeMgr::GetBuildingSetIds	IMPORTED	undefined GetBuildingSetIds(void)
func	0x00548c	FUN_1000548c	DEFAULT	int * FUN_1000548c(void * this, int param_1)
func	0x0054a8	cSC3CitySchemeMgr::GetCurrentBuildingSet	IMPORTED	undefined GetCurrentBuildingSet(void)
func	0x0054c0	cSC3CitySchemeMgr::GetCurrentFloraSet	IMPORTED	undefined GetCurrentFloraSet(void)
func	0x0054d8	cSC3CitySchemeMgr::GetCurrentLandScape	IMPORTED	undefined GetCurrentLandScape(void)
func	0x0054e6	cSC3CitySchemeMgr::GetDataMapsTerrainPaletteForCurrentLandScape	IMPORTED	undefined GetDataMapsTerrainPaletteForCurrentLandScape(void)
func	0x00550a	cSC3CitySchemeMgr::GetDefaultBuildingSet	IMPORTED	undefined GetDefaultBuildingSet(void)
func	0x00550e	cSC3CitySchemeMgr::GetDefaultLandScape	IMPORTED	undefined GetDefaultLandScape(void)
func	0x005512	cSC3CitySchemeMgr::GetFloraSetIconKey	IMPORTED	undefined GetFloraSetIconKey(void)
func	0x00553e	cSC3CitySchemeMgr::GetFloraSetIds	IMPORTED	undefined GetFloraSetIds(void)
func	0x00557a	FUN_1000557a	DEFAULT	int * FUN_1000557a(void * this, int param_1)
func	0x005596	FUN_10005596	DEFAULT	undefined1 FUN_10005596(int * param_1, undefined4 param_2, undefined4 param_3)
func	0x0055f5	cSC3CitySchemeMgr::GetLandScapeIconKey	IMPORTED	undefined GetLandScapeIconKey(void)
func	0x005621	cSC3CitySchemeMgr::GetLandScapeIds	IMPORTED	undefined GetLandScapeIds(void)
func	0x005660	FUN_10005660	DEFAULT	int * FUN_10005660(void * this, int param_1)
func	0x00567c	cSC3CitySchemeMgr::GetLandScapePalette	IMPORTED	undefined GetLandScapePalette(void)
func	0x0056a4	cSC3CitySchemeMgr::GetNavViewTerrainPaletteForCurrentLandScape	IMPORTED	undefined GetNavViewTerrainPaletteForCurrentLandScape(void)
func	0x0056c8	cSC3CitySchemeMgr::GetNumBATBuildings	IMPORTED	undefined GetNumBATBuildings(void)
func	0x0056dd	cSC3CitySchemeMgr::GetNumBuildingSets	IMPORTED	undefined GetNumBuildingSets(void)
func	0x0056e7	cSC3CitySchemeMgr::GetNumFloraSets	IMPORTED	undefined GetNumFloraSets(void)
func	0x0056f1	cSC3CitySchemeMgr::GetNumLandScapes	IMPORTED	undefined GetNumLandScapes(void)
func	0x0056fe	cSC3CitySchemeMgr::GetPluginBuildingMgr	IMPORTED	undefined GetPluginBuildingMgr(void)
func	0x005705	cSC3CitySchemeMgr::GetSoundIdForCurrentBuildingSet	IMPORTED	undefined GetSoundIdForCurrentBuildingSet(void)
func	0x005723	cSC3CitySchemeMgr::GetSoundIdForCurrentFloraSet	IMPORTED	undefined GetSoundIdForCurrentFloraSet(void)
func	0x005741	cSC3CitySchemeMgr::GetSoundIdForCurrentLandScape	IMPORTED	undefined GetSoundIdForCurrentLandScape(void)
func	0x00575f	cSC3CitySchemeMgr::GetUiImageForBuildingSet	IMPORTED	undefined4 GetUiImageForBuildingSet(void * this, int param_1, int * param_2, int * param_3, int * param_4, int * param_5)
func	0x005798	cSC3CitySchemeMgr::GetUiImageForFloraSet	IMPORTED	undefined4 GetUiImageForFloraSet(void * this, int param_1, int * param_2, int * param_3, int * param_4, int * param_5)
func	0x0057d1	cSC3CitySchemeMgr::GetUiImageForLandScape	IMPORTED	undefined GetUiImageForLandScape(void)
func	0x0057f9	cSC3CitySchemeMgr::ImportReplacementSet	IMPORTED	bool ImportReplacementSet(void * this, int * param_1)
func	0x00583e	cSC3CitySchemeMgr::Init	IMPORTED	undefined4 Init(int * param_1)
func	0x005923	FUN_10005923	DEFAULT	uint FUN_10005923(int * param_1, int param_2, uint param_3)
func	0x005963	cSC3CitySchemeMgr::IsReplaceableBuilding	IMPORTED	undefined4 IsReplaceableBuilding(void * this, int * param_1)
func	0x005995	cSC3CitySchemeMgr::IsRewardBuilding	IMPORTED	undefined4 IsRewardBuilding(void * this, undefined4 param_1)
func	0x0059d7	cSC3CitySchemeMgr::LoadBATReplacementSet	IMPORTED	char LoadBATReplacementSet(void * this, int * param_1, char param_2)
func	0x005ae2	cSC3CitySchemeMgr::LoadBATSegment	IMPORTED	undefined LoadBATSegment(int param_1)
func	0x005b95	FUN_10005b95	DEFAULT	undefined1 FUN_10005b95(void * this, undefined4 param_1, int * param_2)
func	0x005bde	FUN_10005bde	DEFAULT	undefined4 FUN_10005bde(void * this, uint * param_1, int * param_2)
func	0x005c75	FUN_10005c75	DEFAULT	undefined FUN_10005c75(int * param_1, int * param_2)
func	0x005cae	cSC3CitySchemeMgr::QueryInterface	IMPORTED	undefined QueryInterface(void)
func	0x005cd0	cSC3CitySchemeMgr::ReadInfoAboutCitySchemes	IMPORTED	undefined ReadInfoAboutCitySchemes(undefined4 param_1)
func	0x005eed	cSC3CitySchemeMgr::ReadRewardBuildingList	IMPORTED	undefined ReadRewardBuildingList(undefined4 param_1)
func	0x005fff	FUN_10005fff	DEFAULT	undefined FUN_10005fff(int param_1, int * param_2, undefined4 param_3, void * param_4)
func	0x006235	FUN_10006235	DEFAULT	undefined FUN_10006235(int * param_1)
func	0x006296	FUN_10006296	DEFAULT	undefined FUN_10006296(int param_1)
func	0x0062ad	cSC3CitySchemeMgr::Release	IMPORTED	undefined Release(void)
func	0x0062d0	cSC3CitySchemeMgr::ClearBATReplacement	IMPORTED	bool ClearBATReplacement(void * this, uint * param_1)
func	0x00630f	FUN_1000630f	DEFAULT	undefined FUN_1000630f(undefined4 param_1)
func	0x006328	cSC3CitySchemeMgr::SaveBATReplacementSet	IMPORTED	char SaveBATReplacementSet(void * this, int * param_1)
func	0x00641b	cSC3CitySchemeMgr::SetBuildingSet	IMPORTED	undefined4 SetBuildingSet(void * this, int param_1, int * param_2)
func	0x006589	cSC3CitySchemeMgr::SetCityScheme	IMPORTED	char SetCityScheme(void * this, int param_1, int param_2, int param_3, undefined4 param_4)
func	0x006896	cSC3CitySchemeMgr::SetDefaultCityScheme	IMPORTED	undefined SetDefaultCityScheme(void)
func	0x0068a7	cSC3CitySchemeMgr::SetFloraSet	IMPORTED	undefined4 SetFloraSet(void * this, int param_1, int * param_2)
func	0x006a15	cSC3CitySchemeMgr::Shutdown	IMPORTED	undefined4 Shutdown(void * param_1)
func	0x006a8f	cSC3CitySchemeMgr::UnloadBATSegment	IMPORTED	undefined UnloadBATSegment(int param_1)
func	0x006b0a	FUN_10006b0a	DEFAULT	undefined FUN_10006b0a(void * this, int * param_1)
func	0x006b7d	FUN_10006b7d	DEFAULT	undefined FUN_10006b7d(void * this, int * param_1)
func	0x006bf0	FUN_10006bf0	DEFAULT	undefined4 FUN_10006bf0(undefined4 param_1)
func	0x006c0b	FUN_10006c0b	DEFAULT	undefined4 FUN_10006c0b(undefined4 param_1)
func	0x006c35	cSC3CitySchemeMgr::UpdateBATSegment	IMPORTED	undefined UpdateBATSegment(void * this, int param_1, undefined4 param_2, int * param_3, int param_4)
func	0x006ea4	FUN_10006ea4	DEFAULT	undefined4 FUN_10006ea4(int * param_1, int * param_2)
func	0x006ec9	cSC3CitySchemeMgr::UpdateDevelopers	IMPORTED	undefined UpdateDevelopers(int param_1)
func	0x006f69	cSC3CitySchemeMgr::UpdateOccupantAttribs	IMPORTED	char UpdateOccupantAttribs(void * this, int * param_1)
func	0x0070b7	FUN_100070b7	DEFAULT	undefined FUN_100070b7(void * this, int param_1)
func	0x0070ea	FUN_100070ea	DEFAULT	undefined4 * FUN_100070ea(void * this, undefined4 * param_1)
func	0x007126	FUN_10007126	DEFAULT	undefined4 * FUN_10007126(void * this, char * param_1)
func	0x00716c	FUN_1000716c	DEFAULT	undefined4 * FUN_1000716c(void * this, undefined4 * param_1)
func	0x007191	FUN_10007191	DEFAULT	undefined FUN_10007191(undefined4 * param_1)
func	0x00719f	FUN_1000719f	DEFAULT	undefined FUN_1000719f(void * this, undefined4 * param_1)
func	0x0071cf	FUN_100071cf	DEFAULT	undefined FUN_100071cf(undefined4 * param_1)
func	0x0071dd	FUN_100071dd	DEFAULT	undefined FUN_100071dd(void * this, undefined4 * param_1)
func	0x00720d	FUN_1000720d	DEFAULT	undefined FUN_1000720d(int * param_1)
func	0x007246	FUN_10007246	DEFAULT	undefined FUN_10007246(void * this, undefined4 * param_1)
func	0x00726e	FUN_1000726e	DEFAULT	undefined FUN_1000726e(void * this, undefined4 * param_1)
func	0x00729e	FUN_1000729e	DEFAULT	undefined FUN_1000729e(undefined4 * param_1)
func	0x0072ac	FUN_100072ac	DEFAULT	undefined FUN_100072ac(void * this, int * param_1)
func	0x0072d4	FUN_100072d4	DEFAULT	int FUN_100072d4(void * this, uint * param_1)
func	0x007345	FUN_10007345	DEFAULT	bool FUN_10007345(uint * param_1, uint * param_2)
func	0x00736c	FUN_1000736c	DEFAULT	undefined FUN_1000736c(void * this, char * param_1)
func	0x00737d	FUN_1000737d	DEFAULT	undefined FUN_1000737d(int * param_1)
func	0x0073b8	FUN_100073b8	DEFAULT	undefined FUN_100073b8(void * this, undefined4 * param_1)
func	0x0073df	FUN_100073df	DEFAULT	undefined FUN_100073df(int * param_1)
func	0x007415	FUN_10007415	DEFAULT	undefined4 * FUN_10007415(undefined4 * param_1)
func	0x007436	FUN_10007436	DEFAULT	undefined FUN_10007436(int * param_1)
func	0x007465	Catch@10007465	ANALYSIS	undefined4 Catch@10007465(void)
func	0x00746b	FUN_1000746b	DEFAULT	undefined FUN_1000746b(int * param_1)
func	0x007480	FUN_10007480	DEFAULT	undefined FUN_10007480(int * param_1)
func	0x007495	FUN_10007495	DEFAULT	undefined FUN_10007495(undefined4 * param_1)
func	0x0074b8	FUN_100074b8	DEFAULT	undefined4 * FUN_100074b8(void * this, undefined4 * param_1, int param_2)
func	0x007504	FUN_10007504	DEFAULT	undefined FUN_10007504(undefined4 * param_1)
func	0x00751d	FUN_1000751d	DEFAULT	undefined4 * FUN_1000751d(void * this, undefined4 * param_1, int param_2)
func	0x00755c	FUN_1000755c	DEFAULT	undefined FUN_1000755c(undefined4 * param_1)
func	0x00757f	FUN_1000757f	DEFAULT	undefined FUN_1000757f(void * this, undefined4 * param_1, undefined4 param_2, uint * param_3)
func	0x0075ab	FUN_100075ab	DEFAULT	int * FUN_100075ab(void * this, undefined1 * param_1)
func	0x0075e1	FUN_100075e1	DEFAULT	undefined FUN_100075e1(int * param_1)
func	0x00760a	FUN_1000760a	DEFAULT	int * FUN_1000760a(void * this, undefined1 * param_1)
func	0x007640	FUN_10007640	DEFAULT	undefined FUN_10007640(int * param_1)
func	0x007669	FUN_10007669	DEFAULT	undefined FUN_10007669(void * this, undefined4 * param_1, undefined4 * param_2)
func	0x007697	FUN_10007697	DEFAULT	undefined FUN_10007697(int * param_1)
func	0x0076ce	FUN_100076ce	DEFAULT	undefined FUN_100076ce(int * param_1)
func	0x007702	FUN_10007702	DEFAULT	undefined FUN_10007702(void * this, undefined4 * param_1, undefined4 * param_2)
func	0x00784f	Catch@1000784f	ANALYSIS	undefined Catch@1000784f(void)
func	0x007870	FUN_10007870	DEFAULT	undefined FUN_10007870(void * this, undefined4 * param_1, undefined4 * param_2)
func	0x00799e	Catch@1000799e	ANALYSIS	undefined Catch@1000799e(void)
func	0x0079bc	FUN_100079bc	DEFAULT	undefined FUN_100079bc(void * this, undefined4 * param_1, undefined4 * param_2)
func	0x007b46	Catch@10007b46	ANALYSIS	undefined Catch@10007b46(void)
func	0x007b7d	FUN_10007b7d	DEFAULT	undefined FUN_10007b7d(void)
func	0x007b7e	FUN_10007b7e	DEFAULT	undefined4 * FUN_10007b7e(void * this, int param_1, uint param_2, uint param_3)
func	0x007bb6	FUN_10007bb6	DEFAULT	undefined FUN_10007bb6(void * this, undefined4 * param_1, undefined4 * param_2)
func	0x007ce4	Catch@10007ce4	ANALYSIS	undefined Catch@10007ce4(void)
func	0x007d02	FUN_10007d02	DEFAULT	undefined FUN_10007d02(void * this, int * param_1, int * param_2)
func	0x007e3d	Catch@10007e3d	ANALYSIS	undefined Catch@10007e3d(void)
func	0x007e5e	FUN_10007e5e	DEFAULT	undefined FUN_10007e5e(undefined4 * param_1)
func	0x007e8e	FUN_10007e8e	DEFAULT	undefined FUN_10007e8e(void * this, undefined4 * param_1, int param_2, uint * param_3)
func	0x007f6b	FUN_10007f6b	DEFAULT	undefined FUN_10007f6b(void * this, char * param_1)
func	0x007f97	FUN_10007f97	DEFAULT	undefined FUN_10007f97(void * this, undefined4 * param_1, uint * param_2)
func	0x007ffb	FUN_10007ffb	DEFAULT	undefined FUN_10007ffb(void * this, int * param_1, uint * param_2)
func	0x008030	FUN_10008030	DEFAULT	undefined FUN_10008030(void * this, undefined4 * param_1, undefined4 * param_2)
func	0x008130	Catch@10008130	ANALYSIS	undefined Catch@10008130(void)
func	0x00814e	FUN_1000814e	DEFAULT	undefined FUN_1000814e(undefined4 * param_1)
func	0x00817e	FUN_1000817e	DEFAULT	undefined FUN_1000817e(void * this, int * param_1, uint * param_2)
func	0x008233	FUN_10008233	DEFAULT	undefined FUN_10008233(void * this, undefined4 * param_1, uint * param_2)
func	0x0082b6	FUN_100082b6	DEFAULT	undefined4 * FUN_100082b6(undefined4 * param_1, int * param_2, int * param_3)
func	0x008361	FUN_10008361	DEFAULT	undefined FUN_10008361(int param_1, int param_2)
func	0x00837a	FUN_1000837a	DEFAULT	undefined FUN_1000837a(void * param_1, undefined4 * param_2)
func	0x0083a7	FUN_100083a7	DEFAULT	undefined FUN_100083a7(undefined4 * param_1, undefined4 * param_2)
func	0x0083c4	FUN_100083c4	DEFAULT	undefined4 * FUN_100083c4(int param_1, int param_2, undefined4 * param_3)
func	0x00840f	FUN_1000840f	DEFAULT	undefined4 * FUN_1000840f(int param_1, int param_2, undefined4 * param_3)
func	0x00844e	FUN_1000844e	DEFAULT	undefined4 * FUN_1000844e(void * this, undefined4 * param_1)
func	0x008492	FUN_10008492	DEFAULT	undefined4 * FUN_10008492(void * this, undefined4 * param_1)
func	0x0084b5	FUN_100084b5	DEFAULT	undefined FUN_100084b5(void * this, undefined4 * param_1, int param_2, int param_3, uint * param_4)
func	0x008543	FUN_10008543	DEFAULT	undefined FUN_10008543(void * this, int * param_1, uint * param_2)
func	0x0085da	FUN_100085da	DEFAULT	undefined FUN_100085da(void * this, undefined4 * param_1, int param_2, int param_3, uint * param_4)
func	0x008675	FUN_10008675	DEFAULT	undefined FUN_10008675(int param_1)
func	0x00868c	FUN_1000868c	DEFAULT	int FUN_1000868c(undefined4 * param_1)
func	0x0086d0	Catch@100086d0	ANALYSIS	undefined Catch@100086d0(void)
func	0x0086e5	FUN_100086e5	DEFAULT	undefined4 * FUN_100086e5(int param_1, undefined4 * param_2, undefined4 * param_3)
func	0x008737	FUN_10008737	DEFAULT	undefined4 * FUN_10008737(int param_1, int param_2, undefined4 * param_3)
func	0x008774	FUN_10008774	DEFAULT	undefined FUN_10008774(undefined4 * param_1, undefined4 * param_2)
func	0x0087a3	FUN_100087a3	DEFAULT	undefined FUN_100087a3(undefined4 * param_1, undefined4 * param_2, undefined4 * param_3)
func	0x0087cf	FUN_100087cf	DEFAULT	void * FUN_100087cf(undefined4 * param_1, undefined4 * param_2, void * param_3)
func	0x008815	Catch@10008815	ANALYSIS	undefined Catch@10008815(void)
func	0x00883c	FUN_1000883c	DEFAULT	undefined FUN_1000883c(undefined4 * param_1, undefined4 * param_2, undefined4 * param_3)
func	0x008868	FUN_10008868	DEFAULT	undefined FUN_10008868(undefined4 * param_1, undefined4 * param_2, undefined4 * param_3)
func	0x008893	FUN_10008893	DEFAULT	void * FUN_10008893(void * this, byte param_1)
func	0x0088af	FUN_100088af	DEFAULT	undefined4 * FUN_100088af(undefined4 * param_1, int param_2, undefined4 * param_3)
func	0x008923	cSC3CmdLoadSaveDialog::cSC3CmdLoadSaveDialog	IMPORTED	undefined4 * cSC3CmdLoadSaveDialog(undefined4 * param_1)
func	0x008986	FUN_10008986	DEFAULT	char FUN_10008986(int * param_1)
func	0x008aee	FUN_10008aee	DEFAULT	bool FUN_10008aee(void * this, undefined1 param_1, int * param_2)
func	0x008b87	cSC3CmdLoadCity::cSC3CmdLoadCity	IMPORTED	undefined4 * cSC3CmdLoadCity(undefined4 * param_1)
func	0x008bd8	virtual_function_thunk_	IMPORTED	int * virtual_function_thunk_(void * this, byte param_1)
func	0x008bf8	FUN_10008bf8	DEFAULT	undefined1 FUN_10008bf8(int * param_1, int * param_2)
func	0x0093fa	FUN_100093fa	DEFAULT	char FUN_100093fa(void * this, void * param_1)
func	0x009549	FUN_10009549	DEFAULT	undefined4 * FUN_10009549(void * this, void * param_1, int param_2)
func	0x009595	FUN_10009595	DEFAULT	undefined1 FUN_10009595(void)
func	0x0097bc	FUN_100097bc	DEFAULT	undefined4 FUN_100097bc(undefined4 param_1)
func	0x0097dd	FUN_100097dd	DEFAULT	undefined1 FUN_100097dd(int * param_1)
func	0x00985b	FUN_1000985b	DEFAULT	undefined1 FUN_1000985b(int * param_1, int * param_2)
func	0x009a91	FUN_10009a91	DEFAULT	undefined1 FUN_10009a91(int * param_1)
func	0x009c98	FUN_10009c98	DEFAULT	char FUN_10009c98(void * this, undefined4 * param_1, undefined1 * param_2, undefined1 * param_3, char * param_4, int param_5)
func	0x009e1f	FUN_10009e1f	DEFAULT	undefined4 FUN_10009e1f(int * param_1)
func	0x009f04	cSC3CmdSaveCity::cSC3CmdSaveCity	IMPORTED	undefined4 * cSC3CmdSaveCity(undefined4 * param_1)
func	0x009f59	FUN_10009f59	DEFAULT	undefined1 FUN_10009f59(int * param_1)
func	0x00a10a	FUN_1000a10a	DEFAULT	undefined4 FUN_1000a10a(int * param_1)
func	0x00b4aa	cSC3CmdCloseCity::cSC3CmdCloseCity	IMPORTED	undefined4 * cSC3CmdCloseCity(undefined4 * param_1)
func	0x00b4c8	FUN_1000b4c8	DEFAULT	undefined FUN_1000b4c8(void)
func	0x00b4d7	FUN_1000b4d7	DEFAULT	undefined4 * FUN_1000b4d7(void * this, void * param_1, int param_2)
func	0x00b517	FUN_1000b517	DEFAULT	undefined FUN_1000b517(void * this, uint param_1, undefined1 param_2)
func	0x00b548	FUN_1000b548	DEFAULT	undefined FUN_1000b548(void * this, undefined4 * param_1)
func	0x00b55b	FUN_1000b55b	DEFAULT	undefined FUN_1000b55b(void * this, char * param_1)
func	0x00b57a	FUN_1000b57a	DEFAULT	undefined FUN_1000b57a(void * this, undefined1 param_1)
func	0x00b5ca	FUN_1000b5ca	DEFAULT	undefined FUN_1000b5ca(void * this, int * param_1)
func	0x00b65f	Catch@1000b65f	ANALYSIS	undefined Catch@1000b65f(void)
func	0x00b67f	FUN_1000b67f	DEFAULT	int * FUN_1000b67f(void * this, int * param_1, undefined1 param_2)
func	0x00b739	Catch@1000b739	ANALYSIS	undefined Catch@1000b739(void)
func	0x00b742	FUN_1000b742	DEFAULT	undefined FUN_1000b742(void)
func	0x00b7ac	FUN_1000b7ac	DEFAULT	undefined4 * FUN_1000b7ac(undefined4 * param_1)
func	0x00b7c5	FUN_1000b7c5	DEFAULT	char FUN_1000b7c5(void)
func	0x00bd2b	FUN_1000bd2b	DEFAULT	undefined4 FUN_1000bd2b(int param_1)
func	0x00bdc3	FUN_1000bdc3	DEFAULT	undefined4 * FUN_1000bdc3(undefined4 * param_1)
func	0x00bfd5	cSC3NewCityInfo::SetCityName	IMPORTED	undefined SetCityName(void * this, int * param_1)
func	0x00c02b	cSC3NewCityInfo::SetMayorName	IMPORTED	undefined SetMayorName(void * this, int * param_1)
func	0x00c081	cSC3NewCityInfo::SetFunds	IMPORTED	undefined SetFunds(void)
func	0x00c092	cSC3NewCityInfo::SetFundsAreDebt	IMPORTED	undefined SetFundsAreDebt(void)
func	0x00c09c	cSC3NewCityInfo::SetCitySize	IMPORTED	undefined SetCitySize(void)
func	0x00c0ac	cSC3NewCityInfo::SetCityXSize	IMPORTED	undefined SetCityXSize(void)
func	0x00c0b6	cSC3NewCityInfo::SetCityYSize	IMPORTED	undefined SetCityYSize(void)
func	0x00c0c0	cSC3NewCityInfo::SetCityZSize	IMPORTED	undefined SetCityZSize(void)
func	0x00c0ca	cSC3NewCityInfo::SetStartYear	IMPORTED	undefined SetStartYear(void)
func	0x00c0d4	cSC3NewCityInfo::SetDifficulty	IMPORTED	undefined SetDifficulty(void)
func	0x00c0de	cSC3NewCityInfo::SetCityType	IMPORTED	undefined SetCityType(void)
func	0x00c0e8	cSC3NewCityInfo::SetAutoBudgetEnabled	IMPORTED	undefined SetAutoBudgetEnabled(void)
func	0x00c0f2	cSC3NewCityInfo::SetDisastersEnabled	IMPORTED	undefined SetDisastersEnabled(void)
func	0x00c0fc	cSC3NewCityInfo::GetCityName	IMPORTED	undefined GetCityName(void)
func	0x00c100	cSC3NewCityInfo::GetMayorName	IMPORTED	undefined GetMayorName(void)
func	0x00c104	cSC3NewCityInfo::GetFunds	IMPORTED	undefined GetFunds(void)
func	0x00c10b	cSC3NewCityInfo::GetFundsAreDebt	IMPORTED	undefined GetFundsAreDebt(void)
func	0x00c10f	cSC3NewCityInfo::GetCityXSize	IMPORTED	undefined GetCityXSize(void)
func	0x00c113	cSC3NewCityInfo::GetCityYSize	IMPORTED	undefined GetCityYSize(void)
func	0x00c117	cSC3NewCityInfo::GetCityZSize	IMPORTED	undefined GetCityZSize(void)
func	0x00c11b	cSC3NewCityInfo::GetStartYear	IMPORTED	undefined GetStartYear(void)
func	0x00c11f	cSC3NewCityInfo::GetDifficulty	IMPORTED	undefined GetDifficulty(void)
func	0x00c123	cSC3NewCityInfo::GetDirtGenerator	IMPORTED	undefined GetDirtGenerator(void)
func	0x00c127	cSC3NewCityInfo::GetCityType	IMPORTED	undefined GetCityType(void)
func	0x00c12b	cSC3NewCityInfo::IsAutoBudgetEnabled	IMPORTED	undefined IsAutoBudgetEnabled(void)
func	0x00c12f	cSC3NewCityInfo::AreDisastersEnabled	IMPORTED	undefined AreDisastersEnabled(void)
func	0x00c133	cSC3NewCityInfo::~cSC3NewCityInfo	IMPORTED	undefined4 * ~cSC3NewCityInfo(void * this, byte param_1)
func	0x00c14f	cSC3NewCityInfo::QueryInterface	IMPORTED	undefined QueryInterface(void)
func	0x00c175	cSC3NewCityInfo::Release	IMPORTED	undefined Release(void)
func	0x00c195	cSC3NewCityInfo::SetDirtGenerator	IMPORTED	undefined SetDirtGenerator(void * this, int * param_1)
func	0x00c1b4	FUN_1000c1b4	DEFAULT	undefined FUN_1000c1b4(undefined4 * param_1)
func	0x00c26e	cSC3CmdSimInitFactory::CreateCommand	IMPORTED	undefined CreateCommand(void)
func	0x00c41a	cSC3OccupantAttribCache::AddAttrib	IMPORTED	undefined AddAttrib(void)
func	0x00c428	FUN_1000c428	DEFAULT	char FUN_1000c428(void * this, uint * param_1, char param_2)
func	0x00c584	cSC3OccupantAttribCache::AddAttribs	IMPORTED	bool AddAttribs(void * this, int * param_1)
func	0x00c5b6	FUN_1000c5b6	DEFAULT	undefined FUN_1000c5b6(int * param_1, undefined4 param_2, void * param_3)
func	0x00c605	cSC3OccupantAttribCache::AddRef	IMPORTED	undefined AddRef(void)
func	0x00c60c	FUN_1000c60c	DEFAULT	undefined FUN_1000c60c(int param_1)
func	0x00c872	cSC3OccupantAttribCache::Count	IMPORTED	undefined Count(void)
func	0x00c889	cSC3OccupantAttribCache::CreateNodeIterator	IMPORTED	undefined CreateNodeIterator(void)
func	0x00c8d2	FUN_1000c8d2	DEFAULT	undefined4 * FUN_1000c8d2(undefined4 * param_1)
func	0x00c959	cSC3OccupantAttribCache::~cSC3OccupantAttribCache	IMPORTED	undefined4 * ~cSC3OccupantAttribCache(void * this, byte param_1)
func	0x00c97f	FUN_1000c97f	DEFAULT	undefined FUN_1000c97f(undefined4 * param_1)
func	0x00c9ec	cSC3OccupantAttribCache::DeleteNodeIterator	IMPORTED	undefined DeleteNodeIterator(void)
func	0x00ca1a	FUN_1000ca1a	DEFAULT	undefined FUN_1000ca1a(undefined4 param_1, int param_2, int param_3)
func	0x00ca43	FUN_1000ca43	DEFAULT	undefined FUN_1000ca43(void * this, int * param_1, undefined4 param_2, undefined4 * param_3)
func	0x00cad1	FUN_1000cad1	DEFAULT	undefined FUN_1000cad1(undefined4 * param_1)
func	0x00cb16	FUN_1000cb16	DEFAULT	undefined4 FUN_1000cb16(void * this, uint * param_1)
func	0x00cb3d	FUN_1000cb3d	DEFAULT	uint FUN_1000cb3d(void * this, uint param_1, uint param_2, undefined4 * param_3)
func	0x00cc22	FUN_1000cc22	DEFAULT	undefined FUN_1000cc22(void)
func	0x00cc66	cSC3OccupantAttribCache::GetBuildingAttrib	IMPORTED	undefined GetBuildingAttrib(void)
func	0x00cc7b	cSC3OccupantAttribCache::GetABuildingOfType	IMPORTED	undefined GetABuildingOfType(void)
func	0x00cc9d	cSC3OccupantAttribCache::GetOccupantAttrib	IMPORTED	undefined GetOccupantAttrib(void)
func	0x00ccb2	cSC3OccupantAttribCache::Init	IMPORTED	undefined4 Init(void * this, int * param_1)
func	0x00cd42	cSC3OccTestDefault::QueryInterface	IMPORTED	undefined QueryInterface(void)
func	0x00cd67	cSC3OccTestDefault::AddRef	IMPORTED	undefined4 AddRef(int param_1)
func	0x00cd6e	cSC3OccTestDefault::Release	IMPORTED	undefined Release(void)
func	0x00cd8e	FUN_1000cd8e	DEFAULT	undefined4 FUN_1000cd8e(void * this, int * param_1)
func	0x00cdce	FUN_1000cdce	DEFAULT	undefined4 * FUN_1000cdce(void * this, byte param_1)
func	0x00cdea	FUN_1000cdea	DEFAULT	undefined FUN_1000cdea(undefined4 * param_1)
func	0x00cdf1	cSC3OccTestDefault::Test	IMPORTED	undefined Test(void)
func	0x00cdf6	cSC3OccTestDefault::~cSC3OccTestDefault	IMPORTED	undefined ~cSC3OccTestDefault(void)
func	0x00ce13	cSC3OccupantAttribCache::is_attrib_key	IMPORTED	int is_attrib_key(uint * param_1)
func	0x00ce39	FUN_1000ce39	DEFAULT	undefined4 FUN_1000ce39(int param_1)
func	0x00cf0a	FUN_1000cf0a	DEFAULT	undefined4 FUN_1000cf0a(int param_1)
func	0x00d150	cSC3OccupantAttribCache::ModifyOccupantAttrib	IMPORTED	undefined1 ModifyOccupantAttrib(void * this, uint * param_1, undefined4 param_2)
func	0x00d186	FUN_1000d186	DEFAULT	undefined1 FUN_1000d186(void * this, int * param_1, undefined4 param_2)
func	0x00d315	cSC3OccupantAttribCache::PostOccAttribChangedMessage	IMPORTED	undefined PostOccAttribChangedMessage(void)
func	0x00d344	FUN_1000d344	DEFAULT	undefined FUN_1000d344(int * param_1, undefined4 * param_2)
func	0x00d38c	cSC3OccupantAttribCache::QueryInterface	IMPORTED	undefined QueryInterface(void)
func	0x00d3b3	cSC3OccupantAttribCache::Release	IMPORTED	undefined Release(void)
func	0x00d3d3	FUN_1000d3d3	DEFAULT	undefined FUN_1000d3d3(void * this, undefined4 * param_1, undefined4 param_2, undefined4 param_3)
func	0x00d569	cSC3OccupantAttribCache::ResetAllModifiedAttribs	IMPORTED	undefined4 ResetAllModifiedAttribs(void * param_1)
func	0x00d5b0	cSC3OccupantAttribCache::Shutdown	IMPORTED	undefined4 Shutdown(int param_1)
func	0x00d623	cSC3OccupantAttribCacheIterator::cSC3OccupantAttribCacheIterator	IMPORTED	undefined4 * cSC3OccupantAttribCacheIterator(void * this, undefined4 param_1)
func	0x00d642	cSC3OccupantAttribCacheIterator::Rewind	IMPORTED	undefined Rewind(int param_1)
func	0x00d655	cSC3OccupantAttribCacheIterator::Next	IMPORTED	undefined Next(void)
func	0x00d672	cSC3OccupantAttribCacheIterator::QueryInterface	IMPORTED	bool QueryInterface(void * this, int param_1, undefined4 * param_2)
func	0x00d68d	cSC3AgentTypeTree::AddRef	IMPORTED	undefined AddRef(void)
func	0x00d694	cSC3OccupantAttribCacheIterator::Release	IMPORTED	undefined Release(void)
func	0x00d6b0	FUN_1000d6b0	DEFAULT	int * FUN_1000d6b0(void * this, uint param_1, uint param_2)
func	0x00d6f8	FUN_1000d6f8	DEFAULT	undefined FUN_1000d6f8(void * this, char * param_1)
func	0x00d709	FUN_1000d709	DEFAULT	undefined FUN_1000d709(int * param_1)
func	0x00d73f	FUN_1000d73f	DEFAULT	undefined FUN_1000d73f(undefined4 * param_1)
func	0x00d74d	FUN_1000d74d	DEFAULT	undefined FUN_1000d74d(void * this, undefined4 * param_1)
func	0x00d775	FUN_1000d775	DEFAULT	undefined FUN_1000d775(void * this, undefined4 * param_1)
func	0x00d783	FUN_1000d783	DEFAULT	undefined FUN_1000d783(void * this, undefined4 * param_1)
func	0x00d78e	FUN_1000d78e	DEFAULT	int FUN_1000d78e(void * this, uint * param_1)
func	0x00d7e4	FUN_1000d7e4	DEFAULT	undefined FUN_1000d7e4(void * this, undefined4 param_1, int param_2)
func	0x00d808	FUN_1000d808	DEFAULT	undefined FUN_1000d808(int * param_1)
func	0x00d83e	FUN_1000d83e	DEFAULT	undefined FUN_1000d83e(int * param_1)
func	0x00d874	FUN_1000d874	DEFAULT	int FUN_1000d874(void * this, uint * param_1)
func	0x00d8e5	FUN_1000d8e5	DEFAULT	undefined FUN_1000d8e5(void * this, undefined4 param_1, int param_2)
func	0x00d909	FUN_1000d909	DEFAULT	undefined FUN_1000d909(int * param_1)
func	0x00d93f	FUN_1000d93f	DEFAULT	undefined FUN_1000d93f(undefined4 * param_1)
func	0x00d94e	FUN_1000d94e	DEFAULT	undefined FUN_1000d94e(void * this, undefined4 * param_1)
func	0x00d975	FUN_1000d975	DEFAULT	undefined FUN_1000d975(int * param_1)
func	0x00d99e	FUN_1000d99e	DEFAULT	void * FUN_1000d99e(void * this, void * param_1, int param_2)
func	0x00d9da	FUN_1000d9da	DEFAULT	undefined FUN_1000d9da(undefined4 * param_1)
func	0x00d9fa	FUN_1000d9fa	DEFAULT	undefined FUN_1000d9fa(void * this, undefined4 * param_1, undefined4 param_2, uint * param_3)
func	0x00da26	FUN_1000da26	DEFAULT	undefined FUN_1000da26(int * param_1)
func	0x00da4f	FUN_1000da4f	DEFAULT	undefined FUN_1000da4f(undefined4 * param_1)
func	0x00da5b	FUN_1000da5b	DEFAULT	undefined FUN_1000da5b(int * param_1)
func	0x00da84	FUN_1000da84	DEFAULT	undefined FUN_1000da84(void * this, undefined4 * param_1, undefined4 param_2, uint * param_3)
func	0x00dab0	FUN_1000dab0	DEFAULT	undefined FUN_1000dab0(int * param_1)
func	0x00dad9	FUN_1000dad9	DEFAULT	undefined FUN_1000dad9(undefined4 * param_1)
func	0x00dae5	FUN_1000dae5	DEFAULT	undefined FUN_1000dae5(void * this, undefined4 * param_1, int param_2)
func	0x00db2a	FUN_1000db2a	DEFAULT	undefined FUN_1000db2a(undefined4 * param_1)
func	0x00db5a	FUN_1000db5a	DEFAULT	undefined FUN_1000db5a(void * this, int * param_1, uint * param_2)
func	0x00dbf1	FUN_1000dbf1	DEFAULT	undefined FUN_1000dbf1(void * this, char * param_1)
func	0x00dc1d	FUN_1000dc1d	DEFAULT	undefined FUN_1000dc1d(void * this, undefined4 * param_1, undefined4 * param_2)
func	0x00dd68	Catch@1000dd68	ANALYSIS	undefined Catch@1000dd68(void)
func	0x00dd86	FUN_1000dd86	DEFAULT	undefined FUN_1000dd86(undefined4 * param_1)
func	0x00ddb6	FUN_1000ddb6	DEFAULT	undefined FUN_1000ddb6(void * this, undefined4 * param_1, int param_2, uint * param_3)
func	0x00de5c	FUN_1000de5c	DEFAULT	undefined FUN_1000de5c(void * this, int param_1, int param_2)
func	0x00dea8	FUN_1000dea8	DEFAULT	undefined FUN_1000dea8(void * this, int * param_1, uint * param_2)
func	0x00ded3	FUN_1000ded3	DEFAULT	undefined FUN_1000ded3(undefined4 * param_1)
func	0x00df03	FUN_1000df03	DEFAULT	undefined FUN_1000df03(void * this, int * param_1, uint * param_2)
func	0x00df9a	FUN_1000df9a	DEFAULT	undefined FUN_1000df9a(undefined4 * param_1)
func	0x00dfca	FUN_1000dfca	DEFAULT	undefined FUN_1000dfca(void * this, undefined4 * param_1, int param_2, uint * param_3)
func	0x00e0b5	FUN_1000e0b5	DEFAULT	uint FUN_1000e0b5(void * this, uint * param_1)
func	0x00e0da	FUN_1000e0da	DEFAULT	undefined FUN_1000e0da(void * this, int param_1, int param_2)
func	0x00e126	FUN_1000e126	DEFAULT	undefined FUN_1000e126(void * this, undefined4 * param_1, uint * param_2)
func	0x00e1a1	FUN_1000e1a1	DEFAULT	undefined FUN_1000e1a1(void * this, undefined4 * param_1, undefined4 * param_2)
func	0x00e2ae	Catch@1000e2ae	ANALYSIS	undefined Catch@1000e2ae(void)
func	0x00e2cc	FUN_1000e2cc	DEFAULT	undefined4 * FUN_1000e2cc(undefined4 * param_1, int * param_2, char * param_3)
func	0x00e379	FUN_1000e379	DEFAULT	undefined FUN_1000e379(void * param_1, undefined4 * param_2)
func	0x00e3a6	FUN_1000e3a6	DEFAULT	void * FUN_1000e3a6(int param_1, int param_2, void * param_3)
func	0x00e3dc	FUN_1000e3dc	DEFAULT	undefined FUN_1000e3dc(void * this, undefined4 * param_1)
func	0x00e40d	FUN_1000e40d	DEFAULT	undefined FUN_1000e40d(void * this, int * param_1)
func	0x00e41f	FUN_1000e41f	DEFAULT	undefined FUN_1000e41f(void * this, undefined4 * param_1, int param_2, int param_3, uint * param_4)
func	0x00e4ad	FUN_1000e4ad	DEFAULT	undefined FUN_1000e4ad(void * this, undefined4 * param_1, int param_2, int param_3, uint * param_4)
func	0x00e52f	FUN_1000e52f	DEFAULT	undefined FUN_1000e52f(void * this, int * param_1, uint * param_2)
func	0x00e5ba	FUN_1000e5ba	DEFAULT	undefined FUN_1000e5ba(void * this, undefined4 * param_1, int param_2, int param_3, uint * param_4)
func	0x00e648	FUN_1000e648	DEFAULT	undefined FUN_1000e648(void * this, undefined4 * param_1, int param_2, int param_3, undefined4 * param_4)
func	0x00e6d4	FUN_1000e6d4	DEFAULT	undefined FUN_1000e6d4(void * this, int * param_1, uint * param_2)
func	0x00e77c	FUN_1000e77c	DEFAULT	undefined FUN_1000e77c(undefined4 * param_1)
func	0x00e7aa	FUN_1000e7aa	DEFAULT	undefined FUN_1000e7aa(undefined4 * param_1)
func	0x00e7cc	FUN_1000e7cc	DEFAULT	undefined FUN_1000e7cc(undefined4 * param_1)
func	0x00e7f4	FUN_1000e7f4	DEFAULT	void * FUN_1000e7f4(int param_1, undefined4 * param_2, void * param_3)
func	0x00e826	FUN_1000e826	DEFAULT	void * FUN_1000e826(undefined4 * param_1, undefined4 * param_2, void * param_3)
func	0x00e8d1	cSC3PluginBuildingMgr::AddPluginBuilding	IMPORTED	undefined AddPluginBuilding(void * this, int * param_1)
func	0x00ea13	cSC2Importer::AddRef	IMPORTED	undefined4 AddRef(int param_1)
func	0x00ea2a	FUN_1000ea2a	DEFAULT	undefined FUN_1000ea2a(void * this, char param_1)
func	0x00eb6b	FUN_1000eb6b	DEFAULT	undefined4 * FUN_1000eb6b(undefined4 * param_1)
func	0x00ebc7	FUN_1000ebc7	DEFAULT	undefined4 * FUN_1000ebc7(void * this, byte param_1)
func	0x00ebe3	FUN_1000ebe3	DEFAULT	undefined FUN_1000ebe3(undefined4 * param_1)
func	0x00ec52	FUN_1000ec52	DEFAULT	undefined4 FUN_1000ec52(void * this, undefined4 param_1)
func	0x00ec71	FUN_1000ec71	DEFAULT	undefined FUN_1000ec71(void)
func	0x00ec96	FUN_1000ec96	DEFAULT	undefined FUN_1000ec96(int * param_1, int param_2)
func	0x00edfb	cSC3PluginBuildingMgr::RegisterOccupantCallback	IMPORTED	undefined RegisterOccupantCallback(int * param_1, undefined4 param_2, int param_3)
func	0x00ee62	FUN_1000ee62	DEFAULT	undefined FUN_1000ee62(undefined4 param_1, undefined4 param_2, undefined4 param_3)
func	0x00eeef	FUN_1000eeef	DEFAULT	undefined FUN_1000eeef(int param_1)
func	0x00f11e	FUN_1000f11e	DEFAULT	int FUN_1000f11e(int * param_1)
func	0x00f150	FUN_1000f150	DEFAULT	undefined1 FUN_1000f150(int param_1)
func	0x00f15b	FUN_1000f15b	DEFAULT	undefined FUN_1000f15b(int * param_1)
func	0x00f191	FUN_1000f191	DEFAULT	int * FUN_1000f191(void * this, undefined1 * param_1)
func	0x00f1c7	FUN_1000f1c7	DEFAULT	undefined FUN_1000f1c7(int * param_1)
func	0x00f1f0	FUN_1000f1f0	DEFAULT	undefined FUN_1000f1f0(undefined4 * param_1)
func	0x00f1fc	FUN_1000f1fc	DEFAULT	undefined FUN_1000f1fc(undefined4 * param_1)
func	0x00f22a	FUN_1000f22a	DEFAULT	undefined FUN_1000f22a(void * this, int * param_1, int param_2)
func	0x00f2f4	FUN_1000f2f4	DEFAULT	bool FUN_1000f2f4(undefined4 * param_1, undefined4 * param_2)
func	0x00f31e	FUN_1000f31e	DEFAULT	undefined FUN_1000f31e(undefined4 * param_1)
func	0x00f33c	FUN_1000f33c	DEFAULT	undefined FUN_1000f33c(void * this, undefined4 * param_1, int param_2, int param_3, int param_4)
func	0x00f3dd	FUN_1000f3dd	DEFAULT	int FUN_1000f3dd(int param_1)
func	0x00f421	Catch@1000f421	ANALYSIS	undefined Catch@1000f421(void)
func	0x00f436	FUN_1000f436	DEFAULT	undefined FUN_1000f436(undefined4 * param_1, int param_2)
func	0x00f4e8	FUN_1000f4e8	DEFAULT	undefined4 * FUN_1000f4e8(void * this, undefined4 param_1)
func	0x00f5cc	cSC3LoadSaveWindow::~cSC3LoadSaveWindow	IMPORTED	undefined4 * ~cSC3LoadSaveWindow(void * this, byte param_1)
func	0x00f5e8	FUN_1000f5e8	DEFAULT	undefined FUN_1000f5e8(undefined4 * param_1)
func	0x00f718	virtual_function_thunk_	IMPORTED	undefined virtual_function_thunk_(void)
func	0x00f73a	virtual_function_thunk_	IMPORTED	undefined virtual_function_thunk_(void)
func	0x00f744	virtual_function_thunk_	IMPORTED	undefined virtual_function_thunk_(void)
func	0x00f761	FUN_1000f761	DEFAULT	bool FUN_1000f761(void * this, undefined4 * param_1)
func	0x00f82a	virtual_function_thunk_	IMPORTED	uint virtual_function_thunk_(void * this, int * param_1, int * param_2, int * param_3, int * param_4)
func	0x00ff72	FUN_1000ff72	DEFAULT	undefined FUN_1000ff72(void * this, int * param_1, int param_2)
func	0x00ffda	FUN_1000ffda	DEFAULT	undefined4 FUN_1000ffda(void * this, int * param_1)
func	0x012581	FUN_10012581	DEFAULT	undefined4 * FUN_10012581(void * this, undefined1 param_1, uint param_2)
func	0x0125aa	CRect::CRect	ANALYSIS	undefined CRect(CRect * this, int param_1, int param_2, int param_3, int param_4)
func	0x0125ca	FUN_100125ca	DEFAULT	undefined FUN_100125ca(void * this, int param_1)
func	0x01260b	FUN_1001260b	DEFAULT	undefined FUN_1001260b(undefined4 * param_1)
func	0x01265d	FUN_1001265d	DEFAULT	char FUN_1001265d(int * param_1, undefined4 param_2, undefined4 param_3, undefined4 param_4, undefined4 param_5, undefined4 param_6)
func	0x012729	FUN_10012729	DEFAULT	char FUN_10012729(int * param_1, undefined4 param_2, int param_3, undefined4 param_4, undefined4 param_5, undefined4 param_6)
func	0x01281a	cSC3LoadSaveWindow::add_outlined_text_edit	IMPORTED	bool add_outlined_text_edit(int * param_1, undefined4 param_2, int param_3, int param_4, int param_5, int param_6, undefined4 param_7)
func	0x01292f	cSC3LoadSaveWindow::add_four_shaded_outline	IMPORTED	undefined1 add_four_shaded_outline(int * param_1, int param_2, int param_3, int param_4, int param_5)
func	0x012b83	cSC3LoadSaveWindow::add_image_button	IMPORTED	undefined4 add_image_button(int * param_1, undefined4 param_2, undefined4 param_3, undefined4 param_4, undefined4 param_5, char param_6)
func	0x012c9f	FUN_10012c9f	DEFAULT	undefined4 FUN_10012c9f(void * this, int * param_1, int * param_2)
func	0x013773	FUN_10013773	DEFAULT	undefined4 FUN_10013773(int param_1)
func	0x0137a4	FUN_100137a4	DEFAULT	bool FUN_100137a4(undefined4 param_1, undefined4 * param_2)
func	0x0137ca	FUN_100137ca	DEFAULT	undefined4 FUN_100137ca(void * this, int * param_1, int param_2)
func	0x013d17	FUN_10013d17	DEFAULT	byte * FUN_10013d17(byte * param_1, char * param_2)
func	0x013d6b	FUN_10013d6b	DEFAULT	undefined4 FUN_10013d6b(byte param_1)
func	0x013dd8	FUN_10013dd8	DEFAULT	bool FUN_10013dd8(char * param_1)
func	0x013dee	FUN_10013dee	DEFAULT	int FUN_10013dee(void * this, int param_1)
func	0x013ee7	FUN_10013ee7	DEFAULT	undefined4 FUN_10013ee7(void * this, int param_1, void * param_2)
func	0x013f57	FUN_10013f57	DEFAULT	undefined1 FUN_10013f57(void * this, int * param_1)
func	0x014e1f	FUN_10014e1f	DEFAULT	undefined1 FUN_10014e1f(void * this, int * param_1)
func	0x01515b	FUN_1001515b	DEFAULT	undefined1 FUN_1001515b(void * this, int * param_1)
func	0x0158c5	FUN_100158c5	DEFAULT	undefined FUN_100158c5(int * param_1, undefined4 param_2)
func	0x0158e9	FUN_100158e9	DEFAULT	undefined FUN_100158e9(int * param_1, int param_2, undefined4 param_3, undefined4 param_4, void * param_5)
func	0x015d17	FUN_10015d17	DEFAULT	undefined FUN_10015d17(int * param_1, undefined4 param_2, int param_3)
func	0x01613c	cSC3LoadSaveWindow::UpdateThumbnailInfo	IMPORTED	undefined UpdateThumbnailInfo(void * this, int * param_1)
func	0x016557	cSC3LoadSaveWindow::GetCityInfo	IMPORTED	undefined GetCityInfo(void * this, int param_1, int * param_2, int * param_3, int param_4, void * param_5, void * param_6, int * param_7)
func	0x016836	FUN_10016836	DEFAULT	undefined4 FUN_10016836(int * param_1, void * param_2, void * param_3, int * param_4)
func	0x0168c6	FUN_100168c6	DEFAULT	int * FUN_100168c6(void * this, uint param_1, undefined1 param_2)
func	0x01693d	FUN_1001693d	DEFAULT	undefined FUN_1001693d(void * this, int param_1)
func	0x016973	FUN_10016973	DEFAULT	undefined FUN_10016973(undefined4 * param_1)
func	0x0169b9	FUN_100169b9	DEFAULT	undefined FUN_100169b9(void * this, int param_1)
func	0x0169e1	FUN_100169e1	DEFAULT	int * FUN_100169e1(int * param_1, int param_2, int param_3)
func	0x016a09	FUN_10016a09	DEFAULT	int * FUN_10016a09(int * param_1)
func	0x016a23	FUN_10016a23	DEFAULT	int FUN_10016a23(int param_1)
func	0x016a67	Catch@10016a67	ANALYSIS	undefined Catch@10016a67(void)
func	0x016a7c	FUN_10016a7c	DEFAULT	undefined FUN_10016a7c(undefined4 * param_1)
func	0x016a96	FUN_10016a96	DEFAULT	undefined FUN_10016a96(int * param_1, int param_2, int param_3)
func	0x016ad3	FUN_10016ad3	DEFAULT	undefined FUN_10016ad3(void * this, undefined4 * param_1)
func	0x016ae2	FUN_10016ae2	DEFAULT	undefined FUN_10016ae2(int * param_1)
func	0x016c57	FUN_10016c57	DEFAULT	undefined FUN_10016c57(int * param_1)
func	0x016c81	FUN_10016c81	DEFAULT	undefined FUN_10016c81(void * this, void * param_1, int param_2)
func	0x016dfc	Catch@10016dfc	ANALYSIS	undefined Catch@10016dfc(void)
func	0x016e34	FUN_10016e34	DEFAULT	undefined4 FUN_10016e34(int * param_1, int * param_2)
func	0x016e48	FUN_10016e48	DEFAULT	undefined4 FUN_10016e48(undefined4 * param_1, char * param_2)
func	0x016e7a	FUN_10016e7a	DEFAULT	undefined FUN_10016e7a(void * param_1, int param_2)
func	0x016eb4	FUN_10016eb4	DEFAULT	int * FUN_10016eb4(int * param_1)
func	0x016ece	FUN_10016ece	DEFAULT	undefined4 * FUN_10016ece(void * this, int param_1)
func	0x016f49	FUN_10016f49	DEFAULT	void * FUN_10016f49(void * this, int param_1)
func	0x016f6a	FUN_10016f6a	DEFAULT	undefined FUN_10016f6a(undefined4 param_1, int * param_2)
func	0x016f99	FUN_10016f99	DEFAULT	undefined FUN_10016f99(int * param_1, undefined4 param_2, int * param_3)
func	0x016fd7	FUN_10016fd7	DEFAULT	undefined FUN_10016fd7(int param_1, int param_2, int param_3)
func	0x01700f	FUN_1001700f	DEFAULT	undefined FUN_1001700f(void * this, int * param_1)
func	0x0170e4	FUN_100170e4	DEFAULT	undefined FUN_100170e4(undefined4 * param_1)
func	0x0170ed	FUN_100170ed	DEFAULT	void * FUN_100170ed(int param_1, int param_2, void * param_3)
func	0x017133	Catch@10017133	ANALYSIS	undefined Catch@10017133(void)
func	0x017161	FUN_10017161	DEFAULT	undefined FUN_10017161(undefined4 * param_1)
func	0x0171ec	FUN_100171ec	DEFAULT	undefined * FUN_100171ec(void)
func	0x017217	RZGetCOMDllDirector_SimInit	IMPORTED	undefined4 * RZGetCOMDllDirector_SimInit(undefined4 * param_1)
func	0x0172ce	cRZCOMDllDirector::OnUnload	IMPORTED	undefined OnUnload(void)
func	0x0172d1	cSICOMDirector::GetDirectorID	IMPORTED	undefined GetDirectorID(void)
func	0x0172d7	cSICOMDirector::AppRegister	IMPORTED	undefined1 AppRegister(int * param_1)
func	0x0173a2	FUN_100173a2	DEFAULT	undefined FUN_100173a2(void)
func	0x0173d7	FUN_100173d7	DEFAULT	undefined FUN_100173d7(void)
func	0x017409	FUN_10017409	DEFAULT	undefined FUN_10017409(void)
func	0x01743b	FUN_1001743b	DEFAULT	undefined FUN_1001743b(void)
func	0x01746d	cSICOMDirector::CreatecSC3CmdSimInitFactory	IMPORTED	undefined4 * CreatecSC3CmdSimInitFactory(void)
func	0x0174ab	FUN_100174ab	DEFAULT	undefined FUN_100174ab(void)
func	0x0174e0	FUN_100174e0	DEFAULT	undefined FUN_100174e0(void)
func	0x017512	cSICOMDirector::~cSICOMDirector	IMPORTED	undefined4 * ~cSICOMDirector(void * this, byte param_1)
func	0x01752e	FUN_1001752e	DEFAULT	undefined FUN_1001752e(undefined4 * param_1)
func	0x017540	cSC3CmdSimInitFactory::~cSC3CmdSimInitFactory	IMPORTED	undefined4 * ~cSC3CmdSimInitFactory(void * this, byte param_1)
func	0x01756b	virtual_function_thunk_	IMPORTED	undefined virtual_function_thunk_(void)
func	0x017573	virtual_function_thunk_	IMPORTED	undefined virtual_function_thunk_(void)
func	0x01757b	virtual_function_thunk_	IMPORTED	undefined virtual_function_thunk_(void)
func	0x017583	FUN_10017583	DEFAULT	undefined4 * FUN_10017583(undefined4 * param_1)
func	0x017678	FUN_10017678	DEFAULT	int * FUN_10017678(void * this, byte param_1)
func	0x017694	FUN_10017694	DEFAULT	undefined FUN_10017694(int * param_1)
func	0x017716	FUN_10017716	DEFAULT	undefined4 FUN_10017716(void * this, int param_1, undefined4 * param_2)
func	0x017745	FUN_10017745	DEFAULT	undefined FUN_10017745(void)
func	0x01774c	FUN_1001774c	DEFAULT	undefined FUN_1001774c(void)
func	0x017765	FUN_10017765	DEFAULT	undefined4 FUN_10017765(int * param_1)
func	0x01779a	FUN_1001779a	DEFAULT	undefined4 FUN_1001779a(int * param_1)
func	0x0177c5	FUN_100177c5	DEFAULT	int FUN_100177c5(void * this, uint param_1, undefined4 param_2)
func	0x0178a7	FUN_100178a7	DEFAULT	undefined FUN_100178a7(int * param_1)
func	0x017934	FUN_10017934	DEFAULT	undefined FUN_10017934(void * this, int * param_1)
func	0x0179a4	FUN_100179a4	DEFAULT	undefined FUN_100179a4(void)
func	0x017a10	FUN_10017a10	DEFAULT	undefined FUN_10017a10(int * param_1)
func	0x017a2e	FUN_10017a2e	DEFAULT	undefined FUN_10017a2e(void)
func	0x017a32	FUN_10017a32	DEFAULT	undefined FUN_10017a32(void)
func	0x017a4d	FUN_10017a4d	DEFAULT	undefined FUN_10017a4d(void)
func	0x017a59	FUN_10017a59	DEFAULT	undefined FUN_10017a59(void)
func	0x017a65	FUN_10017a65	DEFAULT	undefined FUN_10017a65(void)
func	0x017a74	FUN_10017a74	DEFAULT	bool FUN_10017a74(int param_1)
func	0x017aa3	FUN_10017aa3	DEFAULT	undefined4 FUN_10017aa3(void * this, int * param_1)
func	0x017b7b	FUN_10017b7b	DEFAULT	undefined4 FUN_10017b7b(void * this, int * param_1)
func	0x017c36	FUN_10017c36	DEFAULT	bool FUN_10017c36(void * this, int * param_1)
func	0x017c97	FUN_10017c97	DEFAULT	uint FUN_10017c97(void * this, int * param_1)
func	0x017d1d	FUN_10017d1d	DEFAULT	undefined FUN_10017d1d(void)
func	0x017d35	FUN_10017d35	DEFAULT	uint FUN_10017d35(void * this, int * param_1)
func	0x017da1	FUN_10017da1	DEFAULT	undefined FUN_10017da1(void)
func	0x017db4	FUN_10017db4	DEFAULT	undefined FUN_10017db4(void)
func	0x017dc7	FUN_10017dc7	DEFAULT	undefined FUN_10017dc7(void)
func	0x017dcf	FUN_10017dcf	DEFAULT	int FUN_10017dcf(void * this, int param_1)
func	0x017e4c	FUN_10017e4c	DEFAULT	undefined4 FUN_10017e4c(void * this, int param_1)
func	0x017e8e	FUN_10017e8e	DEFAULT	int FUN_10017e8e(void * this, int param_1)
func	0x017ef7	FUN_10017ef7	DEFAULT	int * FUN_10017ef7(void * this, int param_1)
func	0x017f66	FUN_10017f66	DEFAULT	int * FUN_10017f66(void * this, undefined4 param_1, undefined4 param_2)
func	0x017ffa	FUN_10017ffa	DEFAULT	undefined FUN_10017ffa(void)
func	0x018021	FUN_10018021	DEFAULT	undefined FUN_10018021(void)
func	0x018048	FUN_10018048	DEFAULT	bool FUN_10018048(void * this, int * param_1, undefined4 param_2, undefined4 param_3)
func	0x01807c	FUN_1001807c	DEFAULT	undefined FUN_1001807c(void)
func	0x018086	FUN_10018086	DEFAULT	undefined FUN_10018086(void)
func	0x0180a7	FUN_100180a7	DEFAULT	undefined4 FUN_100180a7(void * this, int * param_1)
func	0x0180f2	FUN_100180f2	DEFAULT	undefined FUN_100180f2(void)
func	0x01817e	FUN_1001817e	DEFAULT	undefined1 FUN_1001817e(void * this, char param_1)
func	0x0181a1	FUN_100181a1	DEFAULT	undefined4 FUN_100181a1(void * this, int * param_1)
func	0x018393	FUN_10018393	DEFAULT	undefined FUN_10018393(void)
func	0x018398	FUN_10018398	DEFAULT	int FUN_10018398(int * param_1)
func	0x0183b9	FUN_100183b9	DEFAULT	undefined FUN_100183b9(void * this, undefined4 param_1)
func	0x0183c5	FUN_100183c5	DEFAULT	undefined FUN_100183c5(void)
func	0x0183c9	FUN_100183c9	DEFAULT	undefined FUN_100183c9(void * this, int * param_1)
func	0x0183ec	FUN_100183ec	DEFAULT	undefined FUN_100183ec(void)
func	0x018403	FUN_10018403	DEFAULT	undefined FUN_10018403(int param_1)
func	0x018427	FUN_10018427	DEFAULT	undefined FUN_10018427(void)
func	0x018440	FUN_10018440	DEFAULT	uint FUN_10018440(void * this, int * param_1)
func	0x018561	FUN_10018561	DEFAULT	undefined4 FUN_10018561(int * param_1)
func	0x01863b	FUN_1001863b	DEFAULT	undefined FUN_1001863b(int * param_1)
func	0x01869f	FUN_1001869f	DEFAULT	undefined FUN_1001869f(int * param_1)
func	0x0186c9	FUN_100186c9	DEFAULT	undefined FUN_100186c9(int * param_1)
func	0x01877c	FUN_1001877c	DEFAULT	undefined FUN_1001877c(int * param_1)
func	0x0187aa	FUN_100187aa	DEFAULT	int * FUN_100187aa(void * this, undefined4 param_1, undefined4 param_2)
func	0x0187fd	FUN_100187fd	DEFAULT	undefined1 FUN_100187fd(void * this, char param_1)
func	0x0189c0	FUN_100189c0	DEFAULT	undefined FUN_100189c0(void * this, undefined4 param_1)
func	0x0189cb	FUN_100189cb	DEFAULT	bool FUN_100189cb(void * this, char param_1)
func	0x018a75	FUN_10018a75	DEFAULT	undefined4 FUN_10018a75(int param_1)
func	0x018ac5	FUN_10018ac5	DEFAULT	undefined4 FUN_10018ac5(void * this, char param_1)
func	0x018b10	FUN_10018b10	DEFAULT	undefined2 FUN_10018b10(void * this, undefined4 param_1, undefined4 param_2, undefined4 param_3)
func	0x018b50	FUN_10018b50	DEFAULT	undefined4 FUN_10018b50(int * param_1)
func	0x018bb9	FUN_10018bb9	DEFAULT	undefined1 FUN_10018bb9(void * this, undefined4 param_1)
func	0x018c0d	FUN_10018c0d	DEFAULT	uint FUN_10018c0d(void * this, int param_1, undefined * param_2, undefined4 param_3)
func	0x018cc9	FUN_10018cc9	DEFAULT	bool FUN_10018cc9(int * param_1, int * param_2)
func	0x018cec	FUN_10018cec	DEFAULT	undefined4 FUN_10018cec(void * this, undefined * param_1, undefined4 param_2, char param_3)
func	0x018dce	FUN_10018dce	DEFAULT	undefined FUN_10018dce(int * param_1)
func	0x018ddc	FUN_10018ddc	DEFAULT	undefined FUN_10018ddc(void * this, undefined4 param_1)
func	0x018df0	FUN_10018df0	DEFAULT	undefined1 FUN_10018df0(int param_1)
func	0x018df4	FUN_10018df4	DEFAULT	undefined FUN_10018df4(void)
func	0x018e03	FUN_10018e03	DEFAULT	undefined FUN_10018e03(void)
func	0x018e10	FUN_10018e10	DEFAULT	undefined FUN_10018e10(void)
func	0x018e17	FUN_10018e17	DEFAULT	undefined FUN_10018e17(void)
func	0x018e1e	FUN_10018e1e	DEFAULT	undefined FUN_10018e1e(void)
func	0x018e25	FUN_10018e25	DEFAULT	undefined FUN_10018e25(void)
func	0x018e2c	FUN_10018e2c	DEFAULT	undefined FUN_10018e2c(void * this, int param_1, int param_2, int param_3, int param_4)
func	0x018eba	FUN_10018eba	DEFAULT	undefined FUN_10018eba(void)
func	0x018ed4	FUN_10018ed4	DEFAULT	undefined FUN_10018ed4(void)
func	0x018efb	FUN_10018efb	DEFAULT	undefined FUN_10018efb(void)
func	0x018f22	FUN_10018f22	DEFAULT	undefined FUN_10018f22(void)
func	0x018f4d	FUN_10018f4d	DEFAULT	undefined FUN_10018f4d(void)
func	0x018f54	FUN_10018f54	DEFAULT	undefined FUN_10018f54(void)
func	0x018f58	FUN_10018f58	DEFAULT	undefined FUN_10018f58(void)
func	0x018f6d	FUN_10018f6d	DEFAULT	undefined FUN_10018f6d(void)
func	0x018f7f	FUN_10018f7f	DEFAULT	undefined FUN_10018f7f(void)
func	0x018f93	FUN_10018f93	DEFAULT	undefined FUN_10018f93(void)
func	0x018fc3	FUN_10018fc3	DEFAULT	undefined FUN_10018fc3(void)
func	0x018ffa	FUN_10018ffa	DEFAULT	undefined FUN_10018ffa(void * this, int * param_1, int * param_2)
func	0x019042	FUN_10019042	DEFAULT	undefined FUN_10019042(void * this, int * param_1, int * param_2)
func	0x019073	FUN_10019073	DEFAULT	undefined4 FUN_10019073(void * this, int param_1, int param_2)
func	0x0190e4	FUN_100190e4	DEFAULT	undefined FUN_100190e4(void)
func	0x019118	FUN_10019118	DEFAULT	undefined4 FUN_10019118(void * this, int param_1, int param_2)
func	0x019191	FUN_10019191	DEFAULT	undefined FUN_10019191(void)
func	0x0191a4	FUN_100191a4	DEFAULT	undefined FUN_100191a4(void)
func	0x0191b1	FUN_100191b1	DEFAULT	undefined FUN_100191b1(void)
func	0x0191be	FUN_100191be	DEFAULT	undefined FUN_100191be(void)
func	0x0191c9	FUN_100191c9	DEFAULT	undefined FUN_100191c9(void)
func	0x0191d4	FUN_100191d4	DEFAULT	undefined FUN_100191d4(int param_1)
func	0x0191e3	FUN_100191e3	DEFAULT	bool FUN_100191e3(void * this, undefined4 param_1)
func	0x01920c	FUN_1001920c	DEFAULT	undefined FUN_1001920c(int param_1)
func	0x019217	FUN_10019217	DEFAULT	undefined FUN_10019217(int param_1)
func	0x019223	FUN_10019223	DEFAULT	bool FUN_10019223(int param_1)
func	0x019237	FUN_10019237	DEFAULT	undefined FUN_10019237(int param_1)
func	0x019243	FUN_10019243	DEFAULT	undefined FUN_10019243(void)
func	0x01924b	FUN_1001924b	DEFAULT	undefined FUN_1001924b(void * this, undefined4 param_1)
func	0x01925a	FUN_1001925a	DEFAULT	undefined FUN_1001925a(void)
func	0x01926d	FUN_1001926d	DEFAULT	undefined FUN_1001926d(void)
func	0x019277	cRZCOMDllDirector::FrameWork	IMPORTED	undefined FrameWork(void)
func	0x01927b	FUN_1001927b	DEFAULT	undefined FUN_1001927b(void)
func	0x019280	FUN_10019280	DEFAULT	undefined FUN_10019280(void)
func	0x019284	FUN_10019284	DEFAULT	undefined FUN_10019284(void * this, int * param_1)
func	0x0192da	FUN_100192da	DEFAULT	undefined FUN_100192da(void)
func	0x0192de	FUN_100192de	DEFAULT	undefined FUN_100192de(void)
func	0x0192e8	FUN_100192e8	DEFAULT	bool FUN_100192e8(void * this, undefined4 param_1, undefined4 param_2)
func	0x019307	FUN_10019307	DEFAULT	undefined FUN_10019307(void)
func	0x01931d	FUN_1001931d	DEFAULT	undefined FUN_1001931d(void)
func	0x019322	FUN_10019322	DEFAULT	undefined FUN_10019322(int * param_1)
func	0x019336	FUN_10019336	DEFAULT	undefined FUN_10019336(void)
func	0x01933a	FUN_1001933a	DEFAULT	undefined FUN_1001933a(void)
func	0x01933e	FUN_1001933e	DEFAULT	undefined FUN_1001933e(void)
func	0x01934a	FUN_1001934a	DEFAULT	undefined FUN_1001934a(void)
func	0x01934e	FUN_1001934e	DEFAULT	undefined FUN_1001934e(void)
func	0x019361	FUN_10019361	DEFAULT	bool FUN_10019361(void * this, int param_1)
func	0x019374	FUN_10019374	DEFAULT	undefined FUN_10019374(int param_1)
func	0x01937f	FUN_1001937f	DEFAULT	undefined FUN_1001937f(void * this, undefined4 param_1)
func	0x0193be	FUN_100193be	DEFAULT	undefined2 FUN_100193be(int param_1)
func	0x0193e7	FUN_100193e7	DEFAULT	undefined FUN_100193e7(void * this, undefined1 param_1, undefined1 param_2, undefined1 param_3)
func	0x019401	FUN_10019401	DEFAULT	undefined FUN_10019401(void * this, undefined1 * param_1, undefined1 * param_2, undefined1 * param_3)
func	0x019425	FUN_10019425	DEFAULT	uint FUN_10019425(void * this, int * param_1, undefined4 param_2, undefined4 param_3, undefined4 param_4, undefined4 param_5)
func	0x019465	FUN_10019465	DEFAULT	undefined FUN_10019465(void * this, undefined4 * param_1)
func	0x019496	FUN_10019496	DEFAULT	undefined FUN_10019496(int * param_1)
func	0x0194ab	FUN_100194ab	DEFAULT	undefined FUN_100194ab(void * this, int * param_1)
func	0x0194e5	FUN_100194e5	DEFAULT	undefined FUN_100194e5(undefined4 * param_1, undefined4 param_2, undefined4 param_3, int * param_4)
func	0x01951b	FUN_1001951b	DEFAULT	int FUN_1001951b(int * param_1)
func	0x019521	FUN_10019521	DEFAULT	undefined FUN_10019521(undefined4 * param_1, undefined4 * param_2, int * param_3)
func	0x01953a	FUN_1001953a	DEFAULT	int FUN_1001953a(int param_1)
func	0x019541	FUN_10019541	DEFAULT	undefined FUN_10019541(int * param_1, int * param_2, int * param_3, int * param_4)
func	0x019564	FUN_10019564	DEFAULT	undefined4 * FUN_10019564(undefined4 * param_1)
func	0x0195bd	FUN_100195bd	DEFAULT	int * FUN_100195bd(void * this, byte param_1)
func	0x0195d9	FUN_100195d9	DEFAULT	undefined FUN_100195d9(int * param_1)
func	0x01961b	FUN_1001961b	DEFAULT	undefined FUN_1001961b(void)
func	0x019652	FUN_10019652	DEFAULT	undefined4 FUN_10019652(int * param_1)
func	0x0196a3	FUN_100196a3	DEFAULT	undefined FUN_100196a3(int * param_1)
func	0x0196c9	FUN_100196c9	DEFAULT	undefined4 FUN_100196c9(int * param_1)
func	0x0197ad	FUN_100197ad	DEFAULT	undefined FUN_100197ad(void * this, int param_1, int param_2, int param_3, int param_4)
func	0x0197db	FUN_100197db	DEFAULT	undefined FUN_100197db(void)
func	0x019828	FUN_10019828	DEFAULT	undefined FUN_10019828(void * this, int * param_1)
func	0x0198a2	FUN_100198a2	DEFAULT	undefined FUN_100198a2(void)
func	0x0198c5	FUN_100198c5	DEFAULT	undefined FUN_100198c5(void)
func	0x0198cc	FUN_100198cc	DEFAULT	undefined FUN_100198cc(void)
func	0x0198dc	FUN_100198dc	DEFAULT	undefined FUN_100198dc(void)
func	0x0198f4	FUN_100198f4	DEFAULT	uint FUN_100198f4(void * this, uint * param_1)
func	0x019965	FUN_10019965	DEFAULT	undefined FUN_10019965(void)
func	0x01997c	FUN_1001997c	DEFAULT	undefined FUN_1001997c(void)
func	0x019993	FUN_10019993	DEFAULT	uint FUN_10019993(void * this, int param_1)
func	0x0199c2	FUN_100199c2	DEFAULT	undefined FUN_100199c2(void)
func	0x0199cd	FUN_100199cd	DEFAULT	undefined4 * FUN_100199cd(void * this, undefined1 param_1)
func	0x019b2d	FUN_10019b2d	DEFAULT	int * FUN_10019b2d(void * this, byte param_1)
func	0x019b49	FUN_10019b49	DEFAULT	undefined FUN_10019b49(int * param_1)
func	0x019b9d	FUN_10019b9d	DEFAULT	undefined FUN_10019b9d(void)
func	0x019bde	FUN_10019bde	DEFAULT	undefined4 FUN_10019bde(int * param_1)
func	0x019dbd	FUN_10019dbd	DEFAULT	undefined FUN_10019dbd(int * param_1)
func	0x019e1b	FUN_10019e1b	DEFAULT	undefined FUN_10019e1b(int * param_1)
func	0x019ebe	FUN_10019ebe	DEFAULT	undefined FUN_10019ebe(void * this, int param_1, int param_2, int param_3, int param_4)
func	0x019f36	FUN_10019f36	DEFAULT	undefined FUN_10019f36(void * this, uint param_1, undefined4 param_2)
func	0x019f94	FUN_10019f94	DEFAULT	undefined FUN_10019f94(void * this, undefined1 param_1)
func	0x019fb4	FUN_10019fb4	DEFAULT	undefined FUN_10019fb4(void * this, undefined1 param_1)
func	0x019fd4	FUN_10019fd4	DEFAULT	undefined FUN_10019fd4(void)
func	0x019ff7	FUN_10019ff7	DEFAULT	undefined FUN_10019ff7(void)
func	0x01a026	FUN_1001a026	DEFAULT	undefined FUN_1001a026(void)
func	0x01a055	FUN_1001a055	DEFAULT	undefined FUN_1001a055(void)
func	0x01a05f	FUN_1001a05f	DEFAULT	undefined FUN_1001a05f(void)
func	0x01a086	FUN_1001a086	DEFAULT	undefined FUN_1001a086(void)
func	0x01a0b5	FUN_1001a0b5	DEFAULT	undefined FUN_1001a0b5(void)
func	0x01a0ea	FUN_1001a0ea	DEFAULT	undefined FUN_1001a0ea(void)
func	0x01a129	FUN_1001a129	DEFAULT	undefined FUN_1001a129(void)
func	0x01a149	FUN_1001a149	DEFAULT	undefined FUN_1001a149(void)
func	0x01a15d	FUN_1001a15d	DEFAULT	undefined FUN_1001a15d(void)
func	0x01a179	FUN_1001a179	DEFAULT	undefined FUN_1001a179(void)
func	0x01a1b8	FUN_1001a1b8	DEFAULT	undefined FUN_1001a1b8(void)
func	0x01a230	FUN_1001a230	DEFAULT	undefined4 FUN_1001a230(int * param_1)
func	0x01a95e	FUN_1001a95e	DEFAULT	undefined1 FUN_1001a95e(void * this, int * param_1)
func	0x01a9c4	FUN_1001a9c4	DEFAULT	uint FUN_1001a9c4(void * this, undefined4 param_1)
func	0x01a9fa	FUN_1001a9fa	DEFAULT	undefined4 FUN_1001a9fa(void * this, int param_1)
func	0x01aad4	FUN_1001aad4	DEFAULT	undefined FUN_1001aad4(int param_1)
func	0x01ab4a	FUN_1001ab4a	DEFAULT	undefined4 FUN_1001ab4a(void * this, undefined4 param_1, int param_2)
func	0x01abd6	FUN_1001abd6	DEFAULT	undefined1 FUN_1001abd6(void * this, int * param_1, undefined4 param_2)
func	0x01ac3f	FUN_1001ac3f	DEFAULT	undefined4 FUN_1001ac3f(void * this, undefined4 param_1, int param_2)
func	0x01ad36	FUN_1001ad36	DEFAULT	undefined FUN_1001ad36(void)
func	0x01ad77	FUN_1001ad77	DEFAULT	char FUN_1001ad77(void * this, undefined4 param_1, int * param_2)
func	0x01aded	FUN_1001aded	DEFAULT	bool FUN_1001aded(void * this, int param_1, void * param_2)
func	0x01ae18	FUN_1001ae18	DEFAULT	undefined4 FUN_1001ae18(void * this, int * param_1, int * param_2)
func	0x01ae53	FUN_1001ae53	DEFAULT	undefined4 FUN_1001ae53(void * this, int * param_1, int param_2)
func	0x01aeb5	FUN_1001aeb5	DEFAULT	undefined4 FUN_1001aeb5(void * this, int param_1)
func	0x01af32	FUN_1001af32	DEFAULT	undefined4 FUN_1001af32(void * this, undefined4 * param_1, int param_2)
func	0x01afbd	FUN_1001afbd	DEFAULT	int FUN_1001afbd(void * this, undefined4 param_1)
func	0x01afe2	FUN_1001afe2	DEFAULT	uint FUN_1001afe2(void * this, int param_1, undefined4 param_2)
func	0x01b0f4	FUN_1001b0f4	DEFAULT	undefined FUN_1001b0f4(void)
func	0x01b118	FUN_1001b118	DEFAULT	undefined1 FUN_1001b118(void * this, int param_1, int param_2, undefined4 param_3)
func	0x01b2d7	FUN_1001b2d7	DEFAULT	undefined1 FUN_1001b2d7(void * this, int param_1, int param_2, undefined4 param_3)
func	0x01b3cc	FUN_1001b3cc	DEFAULT	undefined1 FUN_1001b3cc(void * this, int param_1, int param_2, undefined4 param_3)
func	0x01b4dc	FUN_1001b4dc	DEFAULT	undefined FUN_1001b4dc(void)
func	0x01b567	FUN_1001b567	DEFAULT	undefined FUN_1001b567(void)
func	0x01b56b	FUN_1001b56b	DEFAULT	undefined FUN_1001b56b(void)
func	0x01b589	FUN_1001b589	DEFAULT	undefined FUN_1001b589(void)
func	0x01b5d3	FUN_1001b5d3	DEFAULT	undefined FUN_1001b5d3(void)
func	0x01b62f	FUN_1001b62f	DEFAULT	undefined4 FUN_1001b62f(int * param_1)
func	0x01b64c	FUN_1001b64c	DEFAULT	undefined4 FUN_1001b64c(int * param_1)
func	0x01b678	FUN_1001b678	DEFAULT	undefined4 FUN_1001b678(int * param_1)
func	0x01b6a3	FUN_1001b6a3	DEFAULT	undefined4 FUN_1001b6a3(int * param_1)
func	0x01b6ca	FUN_1001b6ca	DEFAULT	undefined FUN_1001b6ca(void)
func	0x01b6f9	FUN_1001b6f9	DEFAULT	undefined4 FUN_1001b6f9(int * param_1)
func	0x01b733	FUN_1001b733	DEFAULT	undefined4 FUN_1001b733(int * param_1)
func	0x01b772	FUN_1001b772	DEFAULT	undefined FUN_1001b772(void)
func	0x01b782	FUN_1001b782	DEFAULT	undefined FUN_1001b782(int * param_1)
func	0x01b81b	FUN_1001b81b	DEFAULT	undefined FUN_1001b81b(void)
func	0x01b823	cSC3CitySchemeMgr::GetDefaultFloraSet	IMPORTED	undefined GetDefaultFloraSet(void)
func	0x01b827	FUN_1001b827	DEFAULT	undefined FUN_1001b827(void)
func	0x01b850	cRZCOMDllDirector::GZCOM	IMPORTED	undefined GZCOM(void)
func	0x01b854	FUN_1001b854	DEFAULT	undefined FUN_1001b854(void)
func	0x01b858	FUN_1001b858	DEFAULT	int FUN_1001b858(void * this, undefined4 param_1, int param_2, char param_3)
func	0x01b8d2	FUN_1001b8d2	DEFAULT	undefined4 FUN_1001b8d2(int * param_1)
func	0x01b9ee	FUN_1001b9ee	DEFAULT	undefined4 FUN_1001b9ee(int * param_1)
func	0x01ba8b	FUN_1001ba8b	DEFAULT	undefined FUN_1001ba8b(void)
func	0x01ba9e	FUN_1001ba9e	DEFAULT	undefined FUN_1001ba9e(void)
func	0x01bb2a	FUN_1001bb2a	DEFAULT	undefined FUN_1001bb2a(void)
func	0x01bb6d	FUN_1001bb6d	DEFAULT	undefined FUN_1001bb6d(void)
func	0x01bbe5	FUN_1001bbe5	DEFAULT	undefined FUN_1001bbe5(int * param_1)
func	0x01bc40	FUN_1001bc40	DEFAULT	undefined FUN_1001bc40(void)
func	0x01bccb	FUN_1001bccb	DEFAULT	bool FUN_1001bccb(void * this, undefined4 param_1)
func	0x01bd05	FUN_1001bd05	DEFAULT	undefined4 FUN_1001bd05(int * param_1)
func	0x01bd25	FUN_1001bd25	DEFAULT	undefined4 FUN_1001bd25(int * param_1)
func	0x01bd67	FUN_1001bd67	DEFAULT	int * FUN_1001bd67(int * param_1)
func	0x01bd9a	FUN_1001bd9a	DEFAULT	int * FUN_1001bd9a(int * param_1)
func	0x01bdcd	FUN_1001bdcd	DEFAULT	undefined FUN_1001bdcd(void * this, int param_1)
func	0x01bdf9	FUN_1001bdf9	DEFAULT	undefined FUN_1001bdf9(void * param_1)
func	0x01be1f	FUN_1001be1f	DEFAULT	undefined FUN_1001be1f(int * param_1)
func	0x01be49	FUN_1001be49	DEFAULT	undefined FUN_1001be49(int * param_1)
func	0x01be53	FUN_1001be53	DEFAULT	undefined FUN_1001be53(void)
func	0x01be5e	FUN_1001be5e	DEFAULT	undefined4 * FUN_1001be5e(void * this, undefined1 param_1)
func	0x01bf8d	FUN_1001bf8d	DEFAULT	int * FUN_1001bf8d(void * this, byte param_1)
func	0x01bfa9	FUN_1001bfa9	DEFAULT	undefined FUN_1001bfa9(int * param_1)
func	0x01c00c	FUN_1001c00c	DEFAULT	undefined FUN_1001c00c(void)
func	0x01c043	FUN_1001c043	DEFAULT	undefined FUN_1001c043(void)
func	0x01c1eb	FUN_1001c1eb	DEFAULT	undefined FUN_1001c1eb(int * param_1)
func	0x01c210	FUN_1001c210	DEFAULT	undefined FUN_1001c210(void * this, int param_1, int param_2, int param_3, int param_4)
func	0x01c269	FUN_1001c269	DEFAULT	undefined FUN_1001c269(void)
func	0x01c2d2	FUN_1001c2d2	DEFAULT	undefined4 FUN_1001c2d2(void * this, int * param_1)
func	0x01c328	FUN_1001c328	DEFAULT	undefined FUN_1001c328(void)
func	0x01c338	FUN_1001c338	DEFAULT	undefined FUN_1001c338(void)
func	0x01c373	FUN_1001c373	DEFAULT	undefined FUN_1001c373(void)
func	0x01c38f	FUN_1001c38f	DEFAULT	undefined FUN_1001c38f(void)
func	0x01c3a0	FUN_1001c3a0	DEFAULT	undefined FUN_1001c3a0(void)
func	0x01c3be	FUN_1001c3be	DEFAULT	undefined FUN_1001c3be(void)
func	0x01c3c2	FUN_1001c3c2	DEFAULT	undefined FUN_1001c3c2(void)
func	0x01c3d7	FUN_1001c3d7	DEFAULT	undefined FUN_1001c3d7(void)
func	0x01c3e5	FUN_1001c3e5	DEFAULT	undefined FUN_1001c3e5(void)
func	0x01c3f1	FUN_1001c3f1	DEFAULT	undefined FUN_1001c3f1(void)
func	0x01c42c	FUN_1001c42c	DEFAULT	undefined FUN_1001c42c(void)
func	0x01c448	FUN_1001c448	DEFAULT	undefined FUN_1001c448(void)
func	0x01c466	FUN_1001c466	DEFAULT	undefined FUN_1001c466(void)
func	0x01c474	FUN_1001c474	DEFAULT	undefined FUN_1001c474(void)
func	0x01c4b5	FUN_1001c4b5	DEFAULT	undefined FUN_1001c4b5(void)
func	0x01c4c3	FUN_1001c4c3	DEFAULT	undefined4 FUN_1001c4c3(int * param_1)
func	0x01c937	FUN_1001c937	DEFAULT	int FUN_1001c937(int * param_1, int param_2, int param_3, int param_4, char param_5)
func	0x01c994	FUN_1001c994	DEFAULT	undefined FUN_1001c994(void * this, undefined4 param_1, undefined4 param_2, int param_3, int param_4, int param_5)
func	0x01ca44	FUN_1001ca44	DEFAULT	undefined FUN_1001ca44(int param_1)
func	0x01cc4b	FUN_1001cc4b	DEFAULT	undefined FUN_1001cc4b(void)
func	0x01cc65	FUN_1001cc65	DEFAULT	undefined FUN_1001cc65(void)
func	0x01cc72	FUN_1001cc72	DEFAULT	undefined1 FUN_1001cc72(void * this, int param_1, undefined4 param_2, uint param_3)
func	0x01cd2e	FUN_1001cd2e	DEFAULT	undefined4 FUN_1001cd2e(void * this, int param_1)
func	0x01cd58	FUN_1001cd58	DEFAULT	undefined4 FUN_1001cd58(void * this, int param_1)
func	0x01cd8f	FUN_1001cd8f	DEFAULT	undefined FUN_1001cd8f(void)
func	0x01cd94	FUN_1001cd94	DEFAULT	uint FUN_1001cd94(void * this, int param_1)
func	0x01cee4	FUN_1001cee4	DEFAULT	undefined4 FUN_1001cee4(uint param_1, int param_2)
func	0x01cf81	FUN_1001cf81	DEFAULT	undefined4 FUN_1001cf81(uint param_1)
func	0x01d0ae	FUN_1001d0ae	DEFAULT	bool FUN_1001d0ae(void * this, undefined4 param_1, uint param_2)
func	0x01d0fb	FUN_1001d0fb	DEFAULT	undefined4 FUN_1001d0fb(void * this, uint param_1, uint param_2)
func	0x01d13b	FUN_1001d13b	DEFAULT	uint FUN_1001d13b(void * this, uint param_1, uint param_2)
func	0x01d69f	FUN_1001d69f	DEFAULT	char FUN_1001d69f(int param_1, int param_2, int param_3)
func	0x01d706	FUN_1001d706	DEFAULT	undefined4 FUN_1001d706(void * this, byte param_1)
func	0x01d7e5	FUN_1001d7e5	DEFAULT	undefined FUN_1001d7e5(void)
func	0x01d80a	FUN_1001d80a	DEFAULT	int FUN_1001d80a(void * this, int * param_1)
func	0x01d824	FUN_1001d824	DEFAULT	undefined1 FUN_1001d824(void * this, char * param_1)
func	0x01d87f	FUN_1001d87f	DEFAULT	undefined FUN_1001d87f(void)
func	0x01d88b	FUN_1001d88b	DEFAULT	undefined FUN_1001d88b(void)
func	0x01d90a	FUN_1001d90a	DEFAULT	undefined FUN_1001d90a(void)
func	0x01d90e	FUN_1001d90e	DEFAULT	undefined FUN_1001d90e(void)
func	0x01d95d	FUN_1001d95d	DEFAULT	undefined FUN_1001d95d(void)
func	0x01d969	FUN_1001d969	DEFAULT	undefined FUN_1001d969(void)
func	0x01d9ce	FUN_1001d9ce	DEFAULT	undefined FUN_1001d9ce(void)
func	0x01da01	FUN_1001da01	DEFAULT	undefined FUN_1001da01(void)
func	0x01da2a	FUN_1001da2a	DEFAULT	undefined FUN_1001da2a(void)
func	0x01da83	FUN_1001da83	DEFAULT	undefined FUN_1001da83(void)
func	0x01da9d	FUN_1001da9d	DEFAULT	undefined FUN_1001da9d(void)
func	0x01dae0	FUN_1001dae0	DEFAULT	undefined FUN_1001dae0(int * param_1)
func	0x01dafe	FUN_1001dafe	DEFAULT	undefined FUN_1001dafe(int * param_1)
func	0x01db1c	FUN_1001db1c	DEFAULT	int * FUN_1001db1c(void * this, uint param_1, undefined1 * param_2, undefined4 param_3)
func	0x01db61	basic_string<char,_string_char_traits<char>,___default_alloc_template<true,_0>_>::replace	IMPORTED	undefined replace(void * this, undefined1 * param_1, undefined1 * param_2, undefined4 param_3)
func	0x01dc54	Catch@1001dc54	ANALYSIS	undefined Catch@1001dc54(void)
func	0x01dcfd	Catch@1001dcfd	ANALYSIS	undefined Catch@1001dcfd(void)
func	0x01dd1d	FUN_1001dd1d	DEFAULT	undefined FUN_1001dd1d(void)
func	0x01dd28	FUN_1001dd28	DEFAULT	undefined4 FUN_1001dd28(void * this, int * param_1, int * param_2)
func	0x01dd9f	FUN_1001dd9f	DEFAULT	undefined4 * FUN_1001dd9f(undefined4 * param_1)
func	0x01dde9	FUN_1001dde9	DEFAULT	int * FUN_1001dde9(void * this, byte param_1)
func	0x01de05	FUN_1001de05	DEFAULT	undefined FUN_1001de05(int * param_1)
func	0x01de47	FUN_1001de47	DEFAULT	undefined FUN_1001de47(void)
func	0x01de88	FUN_1001de88	DEFAULT	uint FUN_1001de88(void * this, int * param_1)
func	0x01decf	FUN_1001decf	DEFAULT	undefined1 FUN_1001decf(int * param_1)
func	0x01e09f	FUN_1001e09f	DEFAULT	undefined FUN_1001e09f(void * this, undefined4 param_1, undefined4 param_2)
func	0x01e0cc	FUN_1001e0cc	DEFAULT	undefined FUN_1001e0cc(void * this, undefined4 param_1, undefined4 param_2)
func	0x01e0f9	FUN_1001e0f9	DEFAULT	undefined FUN_1001e0f9(void)
func	0x01e161	FUN_1001e161	DEFAULT	undefined FUN_1001e161(void)
func	0x01e165	FUN_1001e165	DEFAULT	undefined FUN_1001e165(void)
func	0x01e175	FUN_1001e175	DEFAULT	undefined FUN_1001e175(void)
func	0x01e181	FUN_1001e181	DEFAULT	undefined FUN_1001e181(void)
func	0x01e19a	FUN_1001e19a	DEFAULT	undefined FUN_1001e19a(void)
func	0x01e1ae	FUN_1001e1ae	DEFAULT	undefined FUN_1001e1ae(void * this, undefined4 param_1)
func	0x01e1ea	FUN_1001e1ea	DEFAULT	undefined FUN_1001e1ea(void)
func	0x01e20d	FUN_1001e20d	DEFAULT	undefined FUN_1001e20d(void * this, undefined4 param_1, undefined4 param_2, undefined4 param_3, undefined4 param_4)
func	0x01e2e1	FUN_1001e2e1	DEFAULT	undefined FUN_1001e2e1(int param_1)
func	0x01e38a	FUN_1001e38a	DEFAULT	undefined FUN_1001e38a(void * this, char param_1, undefined1 param_2, undefined1 param_3, undefined1 param_4)
func	0x01e3f9	FUN_1001e3f9	DEFAULT	undefined FUN_1001e3f9(void * this, char param_1, undefined1 * param_2, undefined1 * param_3, undefined1 * param_4)
func	0x01e481	FUN_1001e481	DEFAULT	undefined FUN_1001e481(void)
func	0x01e48d	FUN_1001e48d	DEFAULT	undefined FUN_1001e48d(void)
func	0x01e491	FUN_1001e491	DEFAULT	undefined4 FUN_1001e491(void * this, int * param_1)
func	0x01e521	FUN_1001e521	DEFAULT	undefined FUN_1001e521(void)
func	0x01e52c	FUN_1001e52c	DEFAULT	undefined FUN_1001e52c(void)
func	0x01e537	FUN_1001e537	DEFAULT	undefined FUN_1001e537(void)
func	0x01e542	FUN_1001e542	DEFAULT	undefined FUN_1001e542(void)
func	0x01e54d	FUN_1001e54d	DEFAULT	undefined FUN_1001e54d(void)
func	0x01e558	FUN_1001e558	DEFAULT	undefined FUN_1001e558(void)
func	0x01e563	FUN_1001e563	DEFAULT	undefined FUN_1001e563(void)
func	0x01e56e	FUN_1001e56e	DEFAULT	undefined4 * FUN_1001e56e(void * this, undefined1 param_1)
func	0x01e67c	FUN_1001e67c	DEFAULT	int * FUN_1001e67c(void * this, byte param_1)
func	0x01e698	FUN_1001e698	DEFAULT	undefined FUN_1001e698(int * param_1)
func	0x01e6f6	FUN_1001e6f6	DEFAULT	undefined FUN_1001e6f6(void)
func	0x01e737	FUN_1001e737	DEFAULT	undefined FUN_1001e737(void)
func	0x01e76e	FUN_1001e76e	DEFAULT	undefined4 FUN_1001e76e(int * param_1)
func	0x01e8f8	FUN_1001e8f8	DEFAULT	undefined FUN_1001e8f8(int * param_1)
func	0x01e93e	FUN_1001e93e	DEFAULT	undefined FUN_1001e93e(void * this, int param_1, int param_2, int param_3, int param_4)
func	0x01e9ca	FUN_1001e9ca	DEFAULT	int FUN_1001e9ca(void * this, uint param_1, undefined4 param_2)
func	0x01ea5c	FUN_1001ea5c	DEFAULT	undefined FUN_1001ea5c(void * this, undefined4 param_1)
func	0x01ea8f	FUN_1001ea8f	DEFAULT	undefined4 FUN_1001ea8f(void * this, int * param_1, int * param_2)
func	0x01eb68	FUN_1001eb68	DEFAULT	undefined FUN_1001eb68(void)
func	0x01eb86	FUN_1001eb86	DEFAULT	undefined FUN_1001eb86(void)
func	0x01eb94	FUN_1001eb94	DEFAULT	uint FUN_1001eb94(void * this, int param_1, int param_2)
func	0x01ec01	FUN_1001ec01	DEFAULT	undefined FUN_1001ec01(void)
func	0x01ec0c	FUN_1001ec0c	DEFAULT	undefined FUN_1001ec0c(void)
func	0x01ec1d	FUN_1001ec1d	DEFAULT	undefined FUN_1001ec1d(void)
func	0x01ec51	FUN_1001ec51	DEFAULT	undefined FUN_1001ec51(void)
func	0x01ec5f	FUN_1001ec5f	DEFAULT	undefined FUN_1001ec5f(void)
func	0x01ecbd	FUN_1001ecbd	DEFAULT	undefined FUN_1001ecbd(void)
func	0x01ecd4	FUN_1001ecd4	DEFAULT	undefined1 FUN_1001ecd4(int param_1)
func	0x01ed93	FUN_1001ed93	DEFAULT	undefined FUN_1001ed93(void * this, int * param_1)
func	0x01edd6	FUN_1001edd6	DEFAULT	undefined FUN_1001edd6(void)
func	0x01edda	FUN_1001edda	DEFAULT	undefined4 FUN_1001edda(void * this, undefined4 param_1)
func	0x01ee0a	FUN_1001ee0a	DEFAULT	undefined4 FUN_1001ee0a(void * this, undefined4 param_1)
func	0x01ee36	FUN_1001ee36	DEFAULT	undefined FUN_1001ee36(void)
func	0x01ee8d	FUN_1001ee8d	DEFAULT	undefined FUN_1001ee8d(void)
func	0x01ee99	FUN_1001ee99	DEFAULT	undefined FUN_1001ee99(void)
func	0x01eea7	FUN_1001eea7	DEFAULT	undefined FUN_1001eea7(void)
func	0x01eeb4	FUN_1001eeb4	DEFAULT	undefined FUN_1001eeb4(void)
func	0x01ef23	FUN_1001ef23	DEFAULT	undefined FUN_1001ef23(void)
func	0x01ef3b	FUN_1001ef3b	DEFAULT	undefined4 FUN_1001ef3b(void * this, int param_1, char param_2)
func	0x01f020	FUN_1001f020	DEFAULT	undefined FUN_1001f020(void)
func	0x01f03a	FUN_1001f03a	DEFAULT	undefined4 FUN_1001f03a(void * this, int * param_1, int param_2)
func	0x01f160	FUN_1001f160	DEFAULT	bool FUN_1001f160(void * this, undefined4 param_1, int * param_2)
func	0x01f191	FUN_1001f191	DEFAULT	uint FUN_1001f191(void * this, undefined4 param_1)
func	0x01f1bc	FUN_1001f1bc	DEFAULT	undefined4 FUN_1001f1bc(void * this, int param_1)
func	0x01f223	FUN_1001f223	DEFAULT	undefined FUN_1001f223(int param_1)
func	0x01f269	FUN_1001f269	DEFAULT	undefined4 FUN_1001f269(void * this, int * param_1)
func	0x01f2e9	FUN_1001f2e9	DEFAULT	int * FUN_1001f2e9(int * param_1)
func	0x01f31c	FUN_1001f31c	DEFAULT	undefined1 FUN_1001f31c(int * param_1)
func	0x01f44e	FUN_1001f44e	DEFAULT	undefined4 FUN_1001f44e(void * this, int param_1, int param_2)
func	0x01f4c9	FUN_1001f4c9	DEFAULT	undefined4 FUN_1001f4c9(int * param_1)
func	0x01f74a	FUN_1001f74a	DEFAULT	undefined4 FUN_1001f74a(int * param_1)
func	0x01f76a	FUN_1001f76a	DEFAULT	undefined FUN_1001f76a(void)
func	0x01f775	cSC3AgentTypeTree::QueryInterface	IMPORTED	undefined QueryInterface(void)
func	0x01f795	cSC3AgentTypeTree::Release	IMPORTED	undefined Release(void)
func	0x01f7b0	FUN_1001f7b0	DEFAULT	undefined FUN_1001f7b0(void)
func	0x01f7d6	FUN_1001f7d6	DEFAULT	undefined4 * FUN_1001f7d6(void * this, undefined4 * param_1, char * param_2)
func	0x01f9ac	cSC3AgentTypeTree::CreateNodeIterator	IMPORTED	undefined CreateNodeIterator(void)
func	0x01f9ce	FUN_1001f9ce	DEFAULT	undefined4 * FUN_1001f9ce(void * this, undefined4 * param_1, uint param_2)
func	0x01fa7e	FUN_1001fa7e	DEFAULT	undefined4 * FUN_1001fa7e(void * this, undefined4 * param_1, uint param_2)
func	0x01fb36	FUN_1001fb36	DEFAULT	undefined4 * FUN_1001fb36(void * this, undefined4 * param_1, uint param_2, uint param_3)
func	0x01fc3c	FUN_1001fc3c	DEFAULT	uint FUN_1001fc3c(void * this, int param_1, uint param_2)
func	0x01fc71	FUN_1001fc71	DEFAULT	undefined FUN_1001fc71(int param_1)
func	0x01fc99	FUN_1001fc99	DEFAULT	undefined FUN_1001fc99(int param_1)
func	0x01fcc1	FUN_1001fcc1	DEFAULT	undefined FUN_1001fcc1(int param_1)
func	0x01fcf2	FUN_1001fcf2	DEFAULT	undefined FUN_1001fcf2(int param_1)
func	0x01fd21	FUN_1001fd21	DEFAULT	undefined FUN_1001fd21(int param_1)
func	0x01fd32	FUN_1001fd32	DEFAULT	int FUN_1001fd32(int param_1, char * param_2)
func	0x01fd7b	FUN_1001fd7b	DEFAULT	int FUN_1001fd7b(void * this, char * param_1, uint param_2, int param_3)
func	0x01fdc1	FUN_1001fdc1	DEFAULT	char * FUN_1001fdc1(char * param_1, char * param_2, char * param_3, char * param_4)
func	0x01fe49	FUN_1001fe49	DEFAULT	undefined FUN_1001fe49(void)
func	0x01fe5a	FUN_1001fe5a	DEFAULT	undefined4 * FUN_1001fe5a(undefined4 * param_1)
func	0x01feca	FUN_1001feca	DEFAULT	undefined4 * FUN_1001feca(void * this, byte param_1)
func	0x01feeb	FUN_1001feeb	DEFAULT	undefined FUN_1001feeb(undefined4 * param_1)
func	0x01ff52	cRZCOMDllDirector::QueryInterface	IMPORTED	undefined4 QueryInterface(void * this, int param_1, uint * param_2)
func	0x01ff9f	cRZCOMDllDirector::RemoveRef	IMPORTED	undefined RemoveRef(void)
func	0x01ffae	cRZCOMDllDirector::RefCount	IMPORTED	undefined RefCount(void)
func	0x01ffb2	cRZCOMDllDirector::InitializeCOM	IMPORTED	undefined4 InitializeCOM(void * this, int * param_1, int * param_2)
func	0x02003b	cRZCOMDllDirector::OnStart	IMPORTED	undefined1 OnStart(int * param_1)
func	0x020080	cRZCOMDllDirector::GetClassObject	IMPORTED	undefined4 GetClassObject(void * this, int param_1, undefined4 param_2, undefined4 param_3)
func	0x020101	cRZCOMDllDirector::EnumClassObjects	IMPORTED	undefined EnumClassObjects(void * this, undefined * param_1, undefined4 param_2)
func	0x020155	cRZCOMDllDirector::ModuleName	IMPORTED	undefined ModuleName(void)
func	0x020169	cRZCOMDllDirector::AddDirector	IMPORTED	undefined AddDirector(void * this, int * param_1)
func	0x0201b3	cRZCOMDllDirector::CanUnloadNow	IMPORTED	uint CanUnloadNow(int param_1)
func	0x0201de	FUN_100201de	DEFAULT	undefined FUN_100201de(void * this, uint param_1, undefined4 param_2, undefined4 param_3)
func	0x02020a	FUN_1002020a	DEFAULT	undefined1 FUN_1002020a(void * this, undefined4 param_1)
func	0x020237	virtual_function_thunk_	IMPORTED	undefined virtual_function_thunk_(void)
func	0x02023a	FUN_1002023a	DEFAULT	undefined FUN_1002023a(undefined4 * param_1)
func	0x020248	FUN_10020248	DEFAULT	undefined FUN_10020248(void * this, undefined4 * param_1)
func	0x02026f	FUN_1002026f	DEFAULT	undefined FUN_1002026f(int * param_1)
func	0x0202a5	FUN_100202a5	DEFAULT	undefined FUN_100202a5(undefined4 * param_1)
func	0x0202be	FUN_100202be	DEFAULT	undefined FUN_100202be(int * param_1)
func	0x0202e7	FUN_100202e7	DEFAULT	undefined FUN_100202e7(void * this, undefined4 * param_1, undefined4 * param_2)
func	0x0203f4	Catch@100203f4	ANALYSIS	undefined Catch@100203f4(void)
func	0x020412	FUN_10020412	DEFAULT	undefined FUN_10020412(undefined4 * param_1)
func	0x020442	FUN_10020442	DEFAULT	undefined FUN_10020442(void * this, int * param_1, uint * param_2)
func	0x0204e1	FUN_100204e1	DEFAULT	undefined FUN_100204e1(void * this, undefined4 * param_1, int param_2, int param_3, uint * param_4)
func	0x02056f	FUN_1002056f	DEFAULT	undefined FUN_1002056f(undefined4 * param_1)
func	0x02058c	FUN_1002058c	DEFAULT	undefined FUN_1002058c(undefined4 * param_1, undefined4 * param_2, undefined4 * param_3)
func	0x0205ab	FUN_100205ab	DEFAULT	int FUN_100205ab(void)
func	0x0205d7	FUN_100205d7	DEFAULT	int FUN_100205d7(void)
func	0x020603	FUN_10020603	DEFAULT	int FUN_10020603(void)
func	0x02062f	FUN_1002062f	DEFAULT	int FUN_1002062f(void)
func	0x02065b	FUN_1002065b	DEFAULT	int FUN_1002065b(void)
func	0x020687	FUN_10020687	DEFAULT	int FUN_10020687(void)
func	0x0206b3	FUN_100206b3	DEFAULT	int FUN_100206b3(void)
func	0x0206df	FUN_100206df	DEFAULT	int FUN_100206df(void)
func	0x02070b	FUN_1002070b	DEFAULT	undefined4 * FUN_1002070b(undefined4 * param_1)
func	0x02072c	FUN_1002072c	DEFAULT	undefined FUN_1002072c(int * param_1)
func	0x02075b	Catch@1002075b	ANALYSIS	undefined4 Catch@1002075b(void)
func	0x020761	FUN_10020761	DEFAULT	undefined4 * FUN_10020761(undefined4 * param_1)
func	0x020782	FUN_10020782	DEFAULT	undefined FUN_10020782(int * param_1)
func	0x0207b1	Catch@100207b1	ANALYSIS	undefined4 Catch@100207b1(void)
func	0x0207b7	FUN_100207b7	DEFAULT	undefined4 * FUN_100207b7(undefined4 * param_1)
func	0x0207d8	FUN_100207d8	DEFAULT	undefined FUN_100207d8(int * param_1)
func	0x020807	Catch@10020807	ANALYSIS	undefined4 Catch@10020807(void)
func	0x02080d	FUN_1002080d	DEFAULT	undefined4 * FUN_1002080d(undefined4 * param_1)
func	0x02082e	FUN_1002082e	DEFAULT	undefined FUN_1002082e(int * param_1)
func	0x02085d	Catch@1002085d	ANALYSIS	undefined4 Catch@1002085d(void)
func	0x020863	FUN_10020863	DEFAULT	undefined4 * FUN_10020863(undefined4 * param_1)
func	0x020884	FUN_10020884	DEFAULT	undefined FUN_10020884(int * param_1)
func	0x0208b3	Catch@100208b3	ANALYSIS	undefined4 Catch@100208b3(void)
func	0x0208b9	FUN_100208b9	DEFAULT	undefined4 * FUN_100208b9(undefined4 * param_1)
func	0x0208da	FUN_100208da	DEFAULT	undefined FUN_100208da(int * param_1)
func	0x020909	Catch@10020909	ANALYSIS	undefined4 Catch@10020909(void)
func	0x02090f	FUN_1002090f	DEFAULT	undefined4 * FUN_1002090f(undefined4 * param_1)
func	0x020930	FUN_10020930	DEFAULT	undefined FUN_10020930(int * param_1)
func	0x02095f	Catch@1002095f	ANALYSIS	undefined4 Catch@1002095f(void)
func	0x020965	FUN_10020965	DEFAULT	undefined4 * FUN_10020965(undefined4 * param_1)
func	0x0209bc	FUN_100209bc	DEFAULT	undefined4 * FUN_100209bc(void * this, byte param_1)
func	0x0209dd	FUN_100209dd	DEFAULT	undefined FUN_100209dd(undefined4 * param_1)
func	0x020a52	FUN_10020a52	DEFAULT	int FUN_10020a52(int param_1)
func	0x020a56	FUN_10020a56	DEFAULT	undefined FUN_10020a56(void * this, int param_1)
func	0x020a74	FUN_10020a74	DEFAULT	undefined4 FUN_10020a74(void * this, char param_1)
func	0x020b0a	FUN_10020b0a	DEFAULT	undefined FUN_10020b0a(void)
func	0x020b35	FUN_10020b35	DEFAULT	undefined1 FUN_10020b35(void * this, int param_1, int param_2)
func	0x020bc3	FUN_10020bc3	DEFAULT	undefined1 FUN_10020bc3(void * this, undefined4 param_1, undefined4 param_2, byte * param_3, int param_4)
func	0x020c60	FUN_10020c60	DEFAULT	uint FUN_10020c60(void * this, undefined4 param_1, undefined4 param_2, undefined4 * param_3)
func	0x020cff	FUN_10020cff	DEFAULT	uint FUN_10020cff(void * this, undefined4 param_1, undefined4 param_2, char * param_3, int param_4)
func	0x020d88	FUN_10020d88	DEFAULT	undefined1 FUN_10020d88(void * this, undefined4 param_1, undefined4 param_2, undefined4 * param_3)
func	0x020e09	FUN_10020e09	DEFAULT	bool FUN_10020e09(void * this, int param_1, int param_2, int param_3)
func	0x02173d	FUN_1002173d	DEFAULT	undefined FUN_1002173d(int param_1, void * param_2)
func	0x021757	FUN_10021757	DEFAULT	undefined FUN_10021757(undefined4 * param_1)
func	0x02176b	FUN_1002176b	DEFAULT	undefined1 FUN_1002176b(void * this, int param_1, int param_2, void * param_3)
func	0x021a08	FUN_10021a08	DEFAULT	undefined4 FUN_10021a08(void * this, int param_1, undefined * param_2, undefined4 param_3)
func	0x021ce3	FUN_10021ce3	DEFAULT	undefined FUN_10021ce3(undefined4 * param_1)
func	0x021d35	FUN_10021d35	DEFAULT	undefined4 FUN_10021d35(void * this, undefined * param_1, undefined4 param_2)
func	0x021e18	FUN_10021e18	DEFAULT	undefined1 FUN_10021e18(int * param_1)
func	0x021f7d	FUN_10021f7d	DEFAULT	undefined1 FUN_10021f7d(void * this, int param_1)
func	0x0220f0	FUN_100220f0	DEFAULT	bool FUN_100220f0(void * this, int * param_1)
func	0x022178	FUN_10022178	DEFAULT	undefined FUN_10022178(void)
func	0x022192	FUN_10022192	DEFAULT	undefined FUN_10022192(int * param_1)
func	0x0221c8	FUN_100221c8	DEFAULT	undefined4 * FUN_100221c8(void * this, int param_1, undefined4 * param_2)
func	0x022206	FUN_10022206	DEFAULT	undefined FUN_10022206(undefined4 * param_1)
func	0x02224c	FUN_1002224c	DEFAULT	undefined FUN_1002224c(void * this, int param_1)
func	0x022274	FUN_10022274	DEFAULT	undefined FUN_10022274(void * this, undefined4 * param_1)
func	0x022287	FUN_10022287	DEFAULT	undefined4 * FUN_10022287(void * this, undefined4 param_1, uint param_2)
func	0x0222a3	FUN_100222a3	DEFAULT	undefined FUN_100222a3(int * param_1)
func	0x0222cc	FUN_100222cc	DEFAULT	undefined FUN_100222cc(undefined4 * param_1)
func	0x0222d8	FUN_100222d8	DEFAULT	undefined FUN_100222d8(undefined4 * param_1)
func	0x022306	FUN_10022306	DEFAULT	undefined FUN_10022306(void * this, int * param_1, int param_2)
func	0x0223d0	FUN_100223d0	DEFAULT	undefined FUN_100223d0(void * this, undefined4 * param_1, int * param_2)
func	0x02246a	FUN_1002246a	DEFAULT	undefined FUN_1002246a(void * this, void * param_1, int param_2)
func	0x0225e5	Catch@100225e5	ANALYSIS	undefined Catch@100225e5(void)
func	0x02261d	FUN_1002261d	DEFAULT	undefined FUN_1002261d(void * param_1, int param_2)
func	0x02264a	FUN_1002264a	DEFAULT	undefined4 * FUN_1002264a(void * this, int param_1)
func	0x0226c5	FUN_100226c5	DEFAULT	undefined FUN_100226c5(undefined4 * param_1)
func	0x0226e0	FUN_100226e0	DEFAULT	undefined FUN_100226e0(void * this, undefined4 * param_1, int param_2, int param_3, int param_4)
func	0x022781	FUN_10022781	DEFAULT	int FUN_10022781(int param_1)
func	0x0227d1	Catch@100227d1	ANALYSIS	undefined Catch@100227d1(void)
func	0x0227e6	FUN_100227e6	DEFAULT	void * FUN_100227e6(int param_1, int param_2, void * param_3)
func	0x022834	FUN_10022834	DEFAULT	undefined4 * FUN_10022834(void * this, int param_1)
func	0x022872	FUN_10022872	DEFAULT	void * FUN_10022872(int param_1, int param_2, void * param_3)
func	0x0228b8	Catch@100228b8	ANALYSIS	undefined Catch@100228b8(void)
func	0x0228e6	FUN_100228e6	DEFAULT	undefined FUN_100228e6(undefined4 * param_1)
func	0x0228ef	FUN_100228ef	DEFAULT	undefined FUN_100228ef(undefined4 * param_1)
func	0x0228fc	FUN_100228fc	DEFAULT	undefined4 * FUN_100228fc(void * this, byte param_1)
func	0x022918	FUN_10022918	DEFAULT	undefined FUN_10022918(undefined4 * param_1)
func	0x02291f	FUN_1002291f	DEFAULT	int FUN_1002291f(int * param_1)
func	0x02293f	FUN_1002293f	DEFAULT	undefined4 FUN_1002293f(int param_1)
func	0x022943	FUN_10022943	DEFAULT	undefined FUN_10022943(undefined4 * param_1)
func	0x022950	FUN_10022950	DEFAULT	undefined4 * FUN_10022950(void * this, byte param_1)
func	0x02296c	FUN_1002296c	DEFAULT	undefined FUN_1002296c(undefined4 * param_1)
func	0x022973	FUN_10022973	DEFAULT	undefined4 FUN_10022973(int param_1)
func	0x022983	FUN_10022983	DEFAULT	int FUN_10022983(int * param_1)
func	0x0229af	FUN_100229af	DEFAULT	undefined4 FUN_100229af(int param_1)
func	0x0229c5	FUN_100229c5	DEFAULT	undefined4 * FUN_100229c5(undefined4 * param_1)
func	0x022a4e	FUN_10022a4e	DEFAULT	int * FUN_10022a4e(void * this, byte param_1)
func	0x022a6e	cSC3CmdLoadCity::~cSC3CmdLoadCity	IMPORTED	undefined ~cSC3CmdLoadCity(int * param_1)
func	0x022b1c	FUN_10022b1c	DEFAULT	undefined FUN_10022b1c(void)
func	0x022b3e	FUN_10022b3e	DEFAULT	undefined FUN_10022b3e(int param_1)
func	0x022b4e	FUN_10022b4e	DEFAULT	undefined4 FUN_10022b4e(void * this, int * param_1)
func	0x022b6d	FUN_10022b6d	DEFAULT	bool FUN_10022b6d(void * this, undefined4 * param_1)
func	0x022b93	FUN_10022b93	DEFAULT	undefined FUN_10022b93(void)
func	0x022ba0	FUN_10022ba0	DEFAULT	undefined1 FUN_10022ba0(void * this, undefined * param_1, undefined4 param_2)
func	0x022c0d	FUN_10022c0d	DEFAULT	undefined4 FUN_10022c0d(void * this, undefined4 param_1, undefined4 param_2)
func	0x022c30	FUN_10022c30	DEFAULT	undefined4 FUN_10022c30(void * this, int * param_1)
func	0x022c52	FUN_10022c52	DEFAULT	bool FUN_10022c52(void * this, undefined4 * param_1)
func	0x022c81	FUN_10022c81	DEFAULT	undefined FUN_10022c81(void)
func	0x022c94	FUN_10022c94	DEFAULT	undefined1 FUN_10022c94(void * this, undefined * param_1, undefined4 param_2)
func	0x022d01	FUN_10022d01	DEFAULT	undefined4 FUN_10022d01(void * this, undefined4 param_1, undefined4 param_2)
func	0x022d24	FUN_10022d24	DEFAULT	undefined FUN_10022d24(undefined4 * param_1)
func	0x022d3b	FUN_10022d3b	DEFAULT	undefined4 * FUN_10022d3b(void * this, byte param_1)
func	0x022d57	FUN_10022d57	DEFAULT	undefined FUN_10022d57(undefined4 * param_1)
func	0x022db1	FUN_10022db1	DEFAULT	undefined FUN_10022db1(void)
func	0x022dd3	FUN_10022dd3	DEFAULT	int FUN_10022dd3(int * param_1)
func	0x022dfd	FUN_10022dfd	DEFAULT	undefined4 FUN_10022dfd(void * this, undefined4 param_1, undefined4 param_2, undefined4 param_3)
func	0x022e3f	FUN_10022e3f	DEFAULT	bool FUN_10022e3f(void * this, int * param_1)
func	0x022e66	FUN_10022e66	DEFAULT	undefined FUN_10022e66(int * param_1)
func	0x022ecc	FUN_10022ecc	DEFAULT	undefined FUN_10022ecc(void * this, undefined4 * param_1)
func	0x022eff	FUN_10022eff	DEFAULT	undefined FUN_10022eff(void * this, int * param_1)
func	0x022f29	FUN_10022f29	DEFAULT	undefined FUN_10022f29(int * param_1)
func	0x022f8f	FUN_10022f8f	DEFAULT	undefined FUN_10022f8f(void * this, undefined4 * param_1)
func	0x022fba	FUN_10022fba	DEFAULT	undefined FUN_10022fba(int param_1)
func	0x022fd3	FUN_10022fd3	DEFAULT	undefined FUN_10022fd3(void * this, undefined4 * param_1)
func	0x022ffa	FUN_10022ffa	DEFAULT	undefined4 * FUN_10022ffa(undefined4 * param_1)
func	0x02301b	FUN_1002301b	DEFAULT	undefined FUN_1002301b(int * param_1)
func	0x02304a	Catch@1002304a	ANALYSIS	undefined4 Catch@1002304a(void)
func	0x023050	FUN_10023050	DEFAULT	undefined4 * FUN_10023050(void * this, undefined4 param_1, uint param_2)
func	0x023081	FUN_10023081	DEFAULT	undefined FUN_10023081(void * this, undefined4 * param_1)
func	0x0230a0	FUN_100230a0	DEFAULT	int * FUN_100230a0(int * param_1)
func	0x0230d0	FUN_100230d0	DEFAULT	undefined4 * FUN_100230d0(void * this, undefined4 param_1, uint param_2)
func	0x023101	FUN_10023101	DEFAULT	int FUN_10023101(void * this, int * param_1)
func	0x023132	FUN_10023132	DEFAULT	undefined4 FUN_10023132(void)
func	0x023138	FUN_10023138	DEFAULT	undefined4 FUN_10023138(void)
func	0x02313c	FUN_1002313c	DEFAULT	undefined FUN_1002313c(int * param_1)
func	0x023179	FUN_10023179	DEFAULT	undefined FUN_10023179(void * this, uint param_1)
func	0x023227	Catch@10023227	ANALYSIS	undefined Catch@10023227(void)
func	0x02324c	FUN_1002324c	DEFAULT	undefined FUN_1002324c(void * this, undefined4 * param_1)
func	0x0232b2	FUN_100232b2	DEFAULT	undefined FUN_100232b2(void * this, uint param_1)
func	0x023360	Catch@10023360	ANALYSIS	undefined Catch@10023360(void)
func	0x023385	FUN_10023385	DEFAULT	undefined FUN_10023385(void * this, undefined4 * param_1)
func	0x0233e3	FUN_100233e3	DEFAULT	undefined FUN_100233e3(int param_1)
func	0x023411	FUN_10023411	DEFAULT	undefined FUN_10023411(void * this, undefined4 * param_1, undefined4 * param_2)
func	0x023522	Catch@10023522	ANALYSIS	undefined Catch@10023522(void)
func	0x023540	FUN_10023540	DEFAULT	undefined FUN_10023540(void)
func	0x023569	FUN_10023569	DEFAULT	undefined FUN_10023569(void)
func	0x023592	FUN_10023592	DEFAULT	undefined FUN_10023592(void)
func	0x02359e	FUN_1002359e	DEFAULT	undefined FUN_1002359e(undefined4 * param_1)
func	0x0235b1	FUN_100235b1	DEFAULT	undefined FUN_100235b1(undefined4 * param_1, undefined4 * param_2)
func	0x0235e5	Catch@100235e5	ANALYSIS	undefined Catch@100235e5(void)
func	0x023616	FUN_10023616	DEFAULT	undefined FUN_10023616(void * this, int * param_1, int param_2)
func	0x02377a	FUN_1002377a	DEFAULT	undefined FUN_1002377a(undefined4 * param_1, undefined4 * param_2)
func	0x0237ae	Catch@100237ae	ANALYSIS	undefined Catch@100237ae(void)
func	0x0237df	FUN_100237df	DEFAULT	undefined FUN_100237df(void * this, int * param_1, int param_2)
func	0x023943	FUN_10023943	DEFAULT	undefined FUN_10023943(void)
func	0x02396f	FUN_1002396f	DEFAULT	undefined FUN_1002396f(void)
func	0x02399b	FUN_1002399b	DEFAULT	undefined FUN_1002399b(int param_1)
func	0x0239b3	FUN_100239b3	DEFAULT	undefined FUN_100239b3(int param_1)
func	0x0239cb	FUN_100239cb	DEFAULT	int * FUN_100239cb(int * param_1)
func	0x0239fb	FUN_100239fb	DEFAULT	undefined FUN_100239fb(void)
func	0x0239ff	FUN_100239ff	DEFAULT	undefined FUN_100239ff(void)
func	0x023a03	FUN_10023a03	DEFAULT	undefined FUN_10023a03(void)
func	0x023a07	cSC3CityDefinition::GetOccupantAttribCache	IMPORTED	undefined GetOccupantAttribCache(void)
func	0x023a0b	FUN_10023a0b	DEFAULT	undefined4 * FUN_10023a0b(void * this, byte param_1)
func	0x023a27	FUN_10023a27	DEFAULT	undefined FUN_10023a27(void * this, int * param_1)
func	0x023e41	FUN_10023e41	DEFAULT	undefined4 * FUN_10023e41(void * this, int * param_1)
func	0x023e7b	FUN_10023e7b	DEFAULT	undefined FUN_10023e7b(void * this, undefined4 param_1, undefined4 param_2)
func	0x023e9c	FUN_10023e9c	DEFAULT	undefined FUN_10023e9c(void * this, undefined1 param_1)
func	0x023ebd	FUN_10023ebd	DEFAULT	undefined4 * FUN_10023ebd(void * this, int * param_1)
func	0x023ed5	FUN_10023ed5	DEFAULT	undefined FUN_10023ed5(undefined4 * param_1)
func	0x023ee0	FUN_10023ee0	DEFAULT	undefined FUN_10023ee0(int param_1)
func	0x023f1b	FUN_10023f1b	DEFAULT	undefined FUN_10023f1b(void)
func	0x023f3d	FUN_10023f3d	DEFAULT	undefined FUN_10023f3d(void)
func	0x023f5b	FUN_10023f5b	DEFAULT	undefined FUN_10023f5b(void * this, void * param_1, uint param_2)
func	0x023f91	FUN_10023f91	DEFAULT	undefined FUN_10023f91(void * this, void * param_1, int param_2)
func	0x023fcc	FUN_10023fcc	DEFAULT	undefined FUN_10023fcc(void * this, void * param_1, int param_2)
func	0x024009	FUN_10024009	DEFAULT	undefined FUN_10024009(void * this, void * param_1, int param_2)
func	0x024046	FUN_10024046	DEFAULT	undefined FUN_10024046(void * this, void * param_1, uint param_2)
func	0x02407c	FUN_1002407c	DEFAULT	undefined FUN_1002407c(void * this, void * param_1, int param_2)
func	0x0240b7	FUN_100240b7	DEFAULT	undefined FUN_100240b7(void * this, void * param_1, int param_2)
func	0x0240f4	FUN_100240f4	DEFAULT	undefined FUN_100240f4(void * this, void * param_1, int param_2)
func	0x024131	FUN_10024131	DEFAULT	undefined FUN_10024131(void * this, void * param_1, int param_2)
func	0x02416e	FUN_1002416e	DEFAULT	undefined FUN_1002416e(void * this, void * param_1, int param_2)
func	0x0241ab	FUN_100241ab	DEFAULT	undefined FUN_100241ab(void * this, void * param_1, uint param_2)
func	0x0241e1	FUN_100241e1	DEFAULT	undefined FUN_100241e1(void * this, void * param_1, uint param_2)
func	0x024217	FUN_10024217	DEFAULT	undefined FUN_10024217(void * this, void * param_1)
func	0x024246	FUN_10024246	DEFAULT	undefined FUN_10024246(void * this, void * param_1)
func	0x024275	FUN_10024275	DEFAULT	undefined FUN_10024275(void * this, void * param_1)
func	0x0242a4	FUN_100242a4	DEFAULT	undefined FUN_100242a4(void * this, void * param_1, uint param_2)
func	0x0242da	FUN_100242da	DEFAULT	undefined4 FUN_100242da(int * param_1)
func	0x0242f1	FUN_100242f1	DEFAULT	undefined FUN_100242f1(void)
func	0x024302	FUN_10024302	DEFAULT	undefined4 FUN_10024302(void * this, undefined4 * param_1)
func	0x024352	FUN_10024352	DEFAULT	undefined FUN_10024352(void)
func	0x02435e	FUN_1002435e	DEFAULT	undefined FUN_1002435e(void)
func	0x02436a	FUN_1002436a	DEFAULT	undefined FUN_1002436a(void)
func	0x024376	FUN_10024376	DEFAULT	undefined FUN_10024376(void)
func	0x024382	FUN_10024382	DEFAULT	undefined FUN_10024382(void)
func	0x02438e	FUN_1002438e	DEFAULT	undefined FUN_1002438e(void)
func	0x02439a	FUN_1002439a	DEFAULT	undefined FUN_1002439a(void)
func	0x0243a6	FUN_100243a6	DEFAULT	undefined FUN_100243a6(void)
func	0x0243b6	FUN_100243b6	DEFAULT	undefined FUN_100243b6(void)
func	0x0243c2	FUN_100243c2	DEFAULT	undefined FUN_100243c2(void)
func	0x0243ce	FUN_100243ce	DEFAULT	undefined FUN_100243ce(void)
func	0x0243da	FUN_100243da	DEFAULT	undefined FUN_100243da(void)
func	0x0243e6	FUN_100243e6	DEFAULT	undefined FUN_100243e6(void)
func	0x0243f2	FUN_100243f2	DEFAULT	undefined FUN_100243f2(void)
func	0x0243fe	FUN_100243fe	DEFAULT	undefined FUN_100243fe(void)
func	0x02440a	FUN_1002440a	DEFAULT	undefined FUN_1002440a(void)
func	0x02441a	FUN_1002441a	DEFAULT	undefined FUN_1002441a(void)
func	0x024426	FUN_10024426	DEFAULT	undefined FUN_10024426(void)
func	0x024436	FUN_10024436	DEFAULT	undefined FUN_10024436(void)
func	0x024442	FUN_10024442	DEFAULT	undefined FUN_10024442(void)
func	0x024453	FUN_10024453	DEFAULT	undefined FUN_10024453(void)
func	0x02445f	FUN_1002445f	DEFAULT	undefined FUN_1002445f(void)
func	0x02446b	FUN_1002446b	DEFAULT	undefined FUN_1002446b(void)
func	0x024477	FUN_10024477	DEFAULT	undefined FUN_10024477(void)
func	0x024483	FUN_10024483	DEFAULT	bool FUN_10024483(void * this, undefined4 * param_1)
func	0x0244fd	FUN_100244fd	DEFAULT	undefined FUN_100244fd(void)
func	0x024509	FUN_10024509	DEFAULT	undefined FUN_10024509(void)
func	0x024515	FUN_10024515	DEFAULT	undefined FUN_10024515(void)
func	0x024525	FUN_10024525	DEFAULT	undefined FUN_10024525(void)
func	0x024531	FUN_10024531	DEFAULT	bool FUN_10024531(void * this, undefined1 * param_1)
func	0x024549	FUN_10024549	DEFAULT	undefined FUN_10024549(void * this, undefined1 param_1)
func	0x02456b	FUN_1002456b	DEFAULT	ushort FUN_1002456b(void * this, undefined2 * param_1)
func	0x024585	FUN_10024585	DEFAULT	undefined4 FUN_10024585(void * this, undefined2 param_1)
func	0x0245ac	FUN_100245ac	DEFAULT	uint FUN_100245ac(void * this, undefined4 * param_1)
func	0x0245c4	FUN_100245c4	DEFAULT	undefined4 FUN_100245c4(void * this, int param_1)
func	0x0245e9	FUN_100245e9	DEFAULT	bool FUN_100245e9(void * this, undefined4 * param_1)
func	0x024607	FUN_10024607	DEFAULT	undefined4 FUN_10024607(void * this, int param_1, int param_2)
func	0x024633	FUN_10024633	DEFAULT	bool FUN_10024633(void * this, undefined1 * param_1)
func	0x02464b	FUN_1002464b	DEFAULT	undefined4 FUN_1002464b(void * this, undefined1 param_1)
func	0x024670	FUN_10024670	DEFAULT	ushort FUN_10024670(void * this, undefined2 * param_1)
func	0x02468a	FUN_1002468a	DEFAULT	undefined4 FUN_1002468a(void * this, undefined2 param_1)
func	0x0246b1	FUN_100246b1	DEFAULT	uint FUN_100246b1(void * this, undefined4 * param_1)
func	0x0246c9	FUN_100246c9	DEFAULT	undefined4 FUN_100246c9(void * this, int param_1)
func	0x0246ee	FUN_100246ee	DEFAULT	bool FUN_100246ee(void * this, undefined4 * param_1)
func	0x02470c	FUN_1002470c	DEFAULT	undefined4 FUN_1002470c(void * this, int param_1, int param_2)
func	0x024738	FUN_10024738	DEFAULT	bool FUN_10024738(void * this, undefined4 * param_1)
func	0x024750	FUN_10024750	DEFAULT	undefined4 FUN_10024750(void * this, int param_1)
func	0x024775	FUN_10024775	DEFAULT	bool FUN_10024775(void * this, undefined8 * param_1)
func	0x02478d	FUN_1002478d	DEFAULT	undefined4 FUN_1002478d(void * this, undefined8 param_1)
func	0x0247b2	FUN_100247b2	DEFAULT	bool FUN_100247b2(void * this, undefined1 * param_1)
func	0x0247ca	FUN_100247ca	DEFAULT	undefined4 FUN_100247ca(void * this, undefined1 param_1)
func	0x0247ef	FUN_100247ef	DEFAULT	bool FUN_100247ef(void * this, undefined1 * param_1)
func	0x024807	FUN_10024807	DEFAULT	undefined4 FUN_10024807(void * this, undefined1 param_1)
func	0x02482c	FUN_1002482c	DEFAULT	bool FUN_1002482c(void * this, int * param_1)
func	0x02484f	FUN_1002484f	DEFAULT	undefined4 FUN_1002484f(void * this, int * param_1)
func	0x02487a	FUN_1002487a	DEFAULT	uint FUN_1002487a(void * this, undefined4 param_1, undefined4 param_2)
func	0x02489d	FUN_1002489d	DEFAULT	undefined4 FUN_1002489d(void * this, int * param_1)
func	0x0248e3	FUN_100248e3	DEFAULT	void * FUN_100248e3(void * this, DWORD param_1)
func	0x0248f9	FUN_100248f9	DEFAULT	undefined FUN_100248f9(void * this, DWORD param_1)
func	0x024914	FUN_10024914	DEFAULT	uint FUN_10024914(void * this, uint param_1)
func	0x02498f	FUN_1002498f	DEFAULT	undefined4 * FUN_1002498f(undefined4 * param_1)
func	0x0249d3	FUN_100249d3	DEFAULT	undefined4 * FUN_100249d3(void * this, int param_1, int param_2)
func	0x0249ef	FUN_100249ef	DEFAULT	undefined4 * FUN_100249ef(void * this, uint param_1, uint param_2, uint param_3)
func	0x024a15	FUN_10024a15	DEFAULT	undefined FUN_10024a15(void * this, int param_1, int param_2)
func	0x024a44	FUN_10024a44	DEFAULT	bool FUN_10024a44(uint param_1, uint param_2, uint param_3)
func	0x024a84	FUN_10024a84	DEFAULT	int FUN_10024a84(uint param_1, uint param_2, uint param_3)
func	0x024af4	FUN_10024af4	DEFAULT	undefined4 FUN_10024af4(uint param_1)
func	0x024b22	FUN_10024b22	DEFAULT	int FUN_10024b22(void * param_1)
func	0x024b41	FUN_10024b41	DEFAULT	uint FUN_10024b41(void * param_1)
func	0x024b5d	FUN_10024b5d	DEFAULT	undefined FUN_10024b5d(void * this, uint * param_1, uint * param_2, uint * param_3)
func	0x024c01	FUN_10024c01	DEFAULT	uint FUN_10024c01(void * param_1)
func	0x024c1d	FUN_10024c1d	DEFAULT	uint FUN_10024c1d(void * param_1)
func	0x024c39	FUN_10024c39	DEFAULT	undefined FUN_10024c39(void)
func	0x024c3c	FUN_10024c3c	DEFAULT	undefined FUN_10024c3c(void * this, int param_1, uint param_2)
func	0x024da3	FUN_10024da3	DEFAULT	undefined FUN_10024da3(int param_1)
func	0x024dc4	FUN_10024dc4	DEFAULT	undefined FUN_10024dc4(void * param_1)
func	0x024def	FUN_10024def	DEFAULT	undefined FUN_10024def(int param_1)
func	0x024e2f	FUN_10024e2f	DEFAULT	undefined FUN_10024e2f(int param_1)
func	0x024e44	FUN_10024e44	DEFAULT	undefined4 FUN_10024e44(void * param_1)
func	0x024e7c	FUN_10024e7c	DEFAULT	undefined4 * FUN_10024e7c(void * this, undefined4 param_1, uint param_2)
func	0x024ecc	FUN_10024ecc	DEFAULT	undefined4 * FUN_10024ecc(void * this, byte param_1)
func	0x024ee8	FUN_10024ee8	DEFAULT	undefined FUN_10024ee8(undefined4 * param_1)
func	0x024f00	FUN_10024f00	DEFAULT	undefined4 FUN_10024f00(int param_1)
func	0x024f12	FUN_10024f12	DEFAULT	undefined FUN_10024f12(void * this, uint param_1)
func	0x024f5c	FUN_10024f5c	DEFAULT	undefined FUN_10024f5c(void * this, undefined4 param_1, undefined4 param_2, undefined8 * param_3)
func	0x024fbe	FUN_10024fbe	DEFAULT	undefined FUN_10024fbe(undefined4 * param_1)
func	0x024fcc	FUN_10024fcc	DEFAULT	undefined FUN_10024fcc(void * this, uint param_1)
func	0x025034	FUN_10025034	DEFAULT	undefined4 * FUN_10025034(int param_1, undefined4 * param_2, undefined4 * param_3)
func	0x02508b	Catch@1002508b	ANALYSIS	undefined Catch@1002508b(void)
func	0x0250a9	FUN_100250a9	DEFAULT	undefined FUN_100250a9(undefined4 * param_1)
func	0x0250c2	FUN_100250c2	DEFAULT	undefined FUN_100250c2(undefined4 * param_1, undefined4 * param_2, undefined4 * param_3)
func	0x0250ed	FUN_100250ed	DEFAULT	undefined4 * FUN_100250ed(undefined4 * param_1)
func	0x02513f	FUN_1002513f	DEFAULT	undefined FUN_1002513f(void)
func	0x025143	FUN_10025143	DEFAULT	undefined4 * FUN_10025143(void * this, byte param_1)
func	0x02515f	FUN_1002515f	DEFAULT	undefined4 * FUN_1002515f(void * this, int * param_1)
func	0x0251b6	FUN_100251b6	DEFAULT	undefined FUN_100251b6(undefined4 * param_1)
func	0x025222	FUN_10025222	DEFAULT	undefined FUN_10025222(void)
func	0x025247	FUN_10025247	DEFAULT	undefined FUN_10025247(void)
func	0x025262	FUN_10025262	DEFAULT	undefined4 FUN_10025262(void * this, byte param_1, int param_2, byte param_3)
func	0x02535d	FUN_1002535d	DEFAULT	undefined4 FUN_1002535d(int param_1)
func	0x02538a	FUN_1002538a	DEFAULT	DWORD FUN_1002538a(int param_1)
func	0x0253b8	FUN_100253b8	DEFAULT	DWORD FUN_100253b8(int param_1)
func	0x0253e3	FUN_100253e3	DEFAULT	undefined4 FUN_100253e3(void * this, LONG param_1)
func	0x02541f	FUN_1002541f	DEFAULT	undefined FUN_1002541f(void)
func	0x025429	FUN_10025429	DEFAULT	undefined FUN_10025429(void)
func	0x025433	FUN_10025433	DEFAULT	undefined FUN_10025433(void * this, undefined4 param_1)
func	0x025441	FUN_10025441	DEFAULT	undefined FUN_10025441(void)
func	0x02544f	FUN_1002544f	DEFAULT	uint FUN_1002544f(void * this, LPVOID param_1, DWORD param_2)
func	0x025493	FUN_10025493	DEFAULT	uint FUN_10025493(void * this, LPVOID param_1, LPDWORD param_2)
func	0x0254d0	FUN_100254d0	DEFAULT	uint FUN_100254d0(void * this, LPCVOID param_1, DWORD param_2)
func	0x025514	FUN_10025514	DEFAULT	uint FUN_10025514(void * this, LPCVOID param_1, LPDWORD param_2)
func	0x025551	FUN_10025551	DEFAULT	uint FUN_10025551(int param_1)
func	0x02557f	FUN_1002557f	DEFAULT	bool FUN_1002557f(int * param_1)
func	0x0255b3	FUN_100255b3	DEFAULT	bool FUN_100255b3(void * this, int * param_1)
func	0x025639	FUN_10025639	DEFAULT	undefined4 FUN_10025639(int param_1)
func	0x025659	FUN_10025659	DEFAULT	undefined FUN_10025659(void)
func	0x025673	FUN_10025673	DEFAULT	undefined FUN_10025673(void * this, int * param_1)
func	0x02569f	FUN_1002569f	DEFAULT	undefined FUN_1002569f(void * this, char * param_1)
func	0x0256f5	FUN_100256f5	DEFAULT	DWORD FUN_100256f5(void * this, LONG param_1, int param_2)
func	0x02574b	FUN_1002574b	DEFAULT	undefined4 FUN_1002574b(int * param_1, char param_2)
func	0x0257b2	FUN_100257b2	DEFAULT	bool FUN_100257b2(int * param_1)
func	0x0257cd	FUN_100257cd	DEFAULT	undefined FUN_100257cd(void)
func	0x0257f9	FUN_100257f9	DEFAULT	bool FUN_100257f9(void * this, int * param_1, char param_2)
func	0x02586a	FUN_1002586a	DEFAULT	bool FUN_1002586a(int * param_1)
func	0x0258ed	FUN_100258ed	DEFAULT	bool FUN_100258ed(int * param_1)
func	0x025904	FUN_10025904	DEFAULT	bool FUN_10025904(int * param_1, int * param_2)
func	0x0259bb	FUN_100259bb	DEFAULT	bool FUN_100259bb(int * param_1, int * param_2, char param_3)
func	0x0259e6	FUN_100259e6	DEFAULT	undefined1 FUN_100259e6(int * param_1)
func	0x025a90	FUN_10025a90	DEFAULT	bool FUN_10025a90(int * param_1, int * param_2)
func	0x025b3e	FUN_10025b3e	DEFAULT	undefined FUN_10025b3e(int param_1)
func	0x025b6a	FUN_10025b6a	DEFAULT	int FUN_10025b6a(char * param_1, LPSTR param_2, int param_3)
func	0x025d1e	FUN_10025d1e	DEFAULT	undefined FUN_10025d1e(char * param_1, char * param_2, char * param_3, char * param_4, char * param_5)
func	0x025e5d	FUN_10025e5d	DEFAULT	undefined FUN_10025e5d(char * param_1, char * param_2, char * param_3, char * param_4, char * param_5)
func	0x025ee8	FUN_10025ee8	DEFAULT	undefined4 FUN_10025ee8(undefined4 param_1)
func	0x025ef1	FUN_10025ef1	DEFAULT	uint FUN_10025ef1(uint param_1)
func	0x025efa	FUN_10025efa	DEFAULT	undefined FUN_10025efa(char * param_1)
func	0x025f5b	FUN_10025f5b	DEFAULT	undefined FUN_10025f5b(byte * param_1, int param_2, byte * param_3)
func	0x025f9c	FUN_10025f9c	DEFAULT	undefined4 FUN_10025f9c(char * param_1, int param_2, char * param_3)
func	0x026005	FUN_10026005	DEFAULT	undefined4 * FUN_10026005(undefined4 * param_1)
func	0x026017	FUN_10026017	DEFAULT	int * FUN_10026017(void * this, int param_1, char param_2, undefined1 param_3, undefined1 param_4)
func	0x0260b3	FUN_100260b3	DEFAULT	undefined4 FUN_100260b3(void * param_1)
func	0x0265ba	FUN_100265ba	DEFAULT	undefined4 FUN_100265ba(void * this, void * param_1, byte param_2)
func	0x026aea	FUN_10026aea	DEFAULT	undefined4 FUN_10026aea(int param_1, void * param_2, undefined4 param_3)
func	0x026d8c	FUN_10026d8c	DEFAULT	undefined1 FUN_10026d8c(void * param_1, void * param_2)
func	0x026f3e	FUN_10026f3e	DEFAULT	uint FUN_10026f3e(int param_1)
func	0x026feb	FUN_10026feb	DEFAULT	undefined4 FUN_10026feb(char param_1)
func	0x027000	FUN_10027000	DEFAULT	undefined4 FUN_10027000(int param_1)
func	0x027031	FUN_10027031	DEFAULT	undefined4 FUN_10027031(void * this, int param_1)
func	0x027078	FUN_10027078	DEFAULT	undefined4 FUN_10027078(void * this, int param_1, char param_2)
func	0x0270a2	FUN_100270a2	DEFAULT	undefined1 FUN_100270a2(int param_1)
func	0x02725c	FUN_1002725c	DEFAULT	undefined FUN_1002725c(void * this, int param_1, char param_2)
func	0x0272d8	FUN_100272d8	DEFAULT	undefined FUN_100272d8(int param_1)
func	0x0272f8	FUN_100272f8	DEFAULT	undefined FUN_100272f8(int * param_1)
func	0x027301	FUN_10027301	DEFAULT	undefined FUN_10027301(void * this, void * param_1)
func	0x02730f	FUN_1002730f	DEFAULT	undefined FUN_1002730f(void * this, void * param_1, byte param_2)
func	0x027325	FUN_10027325	DEFAULT	undefined4 * FUN_10027325(void * this, int param_1)
func	0x0273a8	FUN_100273a8	DEFAULT	void * FUN_100273a8(void * param_1)
func	0x0273be	FUN_100273be	DEFAULT	void * FUN_100273be(void * param_1)
func	0x0273d0	FUN_100273d0	DEFAULT	int FUN_100273d0(int param_1)
func	0x0273e7	FUN_100273e7	DEFAULT	int FUN_100273e7(int param_1)
func	0x0273fe	FUN_100273fe	DEFAULT	int FUN_100273fe(int param_1)
func	0x027411	FUN_10027411	DEFAULT	int FUN_10027411(int param_1)
func	0x027428	FUN_10027428	DEFAULT	int FUN_10027428(int param_1)
func	0x02743b	FUN_1002743b	DEFAULT	undefined FUN_1002743b(int param_1)
func	0x027578	FUN_10027578	DEFAULT	undefined FUN_10027578(void * param_1)
func	0x0275f7	FUN_100275f7	DEFAULT	bool FUN_100275f7(void * param_1)
func	0x0276bd	FUN_100276bd	DEFAULT	int FUN_100276bd(int * param_1)
func	0x0276cd	FUN_100276cd	DEFAULT	undefined FUN_100276cd(void * this, undefined4 * param_1)
func	0x0276f9	FUN_100276f9	DEFAULT	undefined FUN_100276f9(void * this, undefined4 * param_1)
func	0x027725	FUN_10027725	DEFAULT	undefined FUN_10027725(void * this, undefined4 * param_1)
func	0x027732	FUN_10027732	DEFAULT	undefined FUN_10027732(void * this, undefined4 * param_1)
func	0x02775e	FUN_1002775e	DEFAULT	undefined FUN_1002775e(void * this, undefined4 * param_1)
func	0x02776b	FUN_1002776b	DEFAULT	int * FUN_1002776b(int * param_1, int param_2, undefined4 * param_3)
func	0x027793	FUN_10027793	DEFAULT	int * FUN_10027793(int * param_1, int param_2, undefined4 * param_3)
func	0x0277bb	FUN_100277bb	DEFAULT	int FUN_100277bb(undefined4 * param_1)
func	0x02780b	Catch@1002780b	ANALYSIS	undefined Catch@1002780b(void)
func	0x027820	FUN_10027820	DEFAULT	undefined FUN_10027820(int * param_1, int param_2, int param_3)
func	0x02785d	FUN_1002785d	DEFAULT	undefined FUN_1002785d(int * param_1, int param_2, int param_3)
func	0x02789a	FUN_1002789a	DEFAULT	undefined4 * FUN_1002789a(void * this, undefined4 * param_1)
func	0x0278e0	FUN_100278e0	DEFAULT	undefined FUN_100278e0(int * param_1, int * param_2)
func	0x02790d	FUN_1002790d	DEFAULT	undefined FUN_1002790d(int * param_1, int * param_2)
func	0x027930	FUN_10027930	DEFAULT	undefined1 * FUN_10027930(void * this, undefined4 param_1)
func	0x027960	FUN_10027960	DEFAULT	undefined FUN_10027960(char * param_1)
func	0x027984	FUN_10027984	DEFAULT	undefined FUN_10027984(uint param_1)
func	0x02799b	FUN_1002799b	DEFAULT	undefined4 * FUN_1002799b(undefined4 * param_1)
func	0x0279cf	FUN_100279cf	DEFAULT	undefined FUN_100279cf(void)
func	0x0279dd	FUN_100279dd	DEFAULT	undefined FUN_100279dd(void)
func	0x0279f3	FUN_100279f3	DEFAULT	undefined FUN_100279f3(void)
func	0x0279f7	FUN_100279f7	DEFAULT	undefined FUN_100279f7(void)
func	0x0279fb	FUN_100279fb	DEFAULT	undefined4 * FUN_100279fb(void * this, byte param_1)
func	0x027a17	FUN_10027a17	DEFAULT	undefined FUN_10027a17(undefined4 * param_1)
func	0x027a28	FUN_10027a28	DEFAULT	undefined4 FUN_10027a28(int param_1)
func	0x027a46	FUN_10027a46	DEFAULT	undefined * FUN_10027a46(void)
func	0x027aa0	FUN_10027aa0	DEFAULT	undefined FUN_10027aa0(void)
func	0x027ac6	FUN_10027ac6	DEFAULT	undefined FUN_10027ac6(void)
func	0x027af8	FUN_10027af8	DEFAULT	undefined FUN_10027af8(void)
func	0x027b3f	FUN_10027b3f	DEFAULT	uint FUN_10027b3f(void)
func	0x027c1e	FUN_10027c1e	DEFAULT	DWORD FUN_10027c1e(DWORD param_1)
func	0x027cc8	FUN_10027cc8	DEFAULT	undefined FUN_10027cc8(void * this, uint * param_1)
func	0x027d08	FUN_10027d08	DEFAULT	undefined FUN_10027d08(DWORD * param_1)
func	0x027d39	FUN_10027d39	DEFAULT	undefined FUN_10027d39(undefined4 param_1, undefined4 param_2, undefined8 * param_3)
func	0x027d54	FUN_10027d54	DEFAULT	undefined FUN_10027d54(undefined4 param_1, undefined4 param_2, undefined8 * param_3)
func	0x027d6f	FUN_10027d6f	DEFAULT	undefined FUN_10027d6f(undefined4 param_1, undefined4 param_2, undefined8 * param_3)
func	0x027d8a	FUN_10027d8a	DEFAULT	undefined FUN_10027d8a(undefined4 param_1, undefined4 param_2, undefined8 * param_3)
func	0x027da5	FUN_10027da5	DEFAULT	undefined FUN_10027da5(undefined4 param_1, undefined4 param_2, undefined8 * param_3)
func	0x027e20	cSC3AgentTypeTree::DebugDumpTree	IMPORTED	undefined DebugDumpTree(void)
func	0x027e75	FUN_10027e75	DEFAULT	undefined FUN_10027e75(void)
func	0x027e7f	FUN_10027e7f	DEFAULT	undefined FUN_10027e7f(void)
func	0x027e95	FUN_10027e95	DEFAULT	undefined4 * FUN_10027e95(undefined4 * param_1)
func	0x027ee8	FUN_10027ee8	DEFAULT	undefined4 * FUN_10027ee8(void * this, byte param_1)
func	0x027f08	FUN_10027f08	DEFAULT	undefined FUN_10027f08(undefined4 * param_1)
func	0x027f51	FUN_10027f51	DEFAULT	undefined FUN_10027f51(void)
func	0x027f7d	FUN_10027f7d	DEFAULT	undefined FUN_10027f7d(void)
func	0x027f85	FUN_10027f85	DEFAULT	undefined4 FUN_10027f85(void * this, uint * param_1)
func	0x027f9f	FUN_10027f9f	DEFAULT	undefined FUN_10027f9f(void)
func	0x027fb5	FUN_10027fb5	DEFAULT	undefined FUN_10027fb5(uint * param_1, int param_2)
func	0x027fce	FUN_10027fce	DEFAULT	undefined FUN_10027fce(void)
func	0x027fdf	FUN_10027fdf	DEFAULT	undefined FUN_10027fdf(void)
func	0x027ff2	FUN_10027ff2	DEFAULT	undefined4 FUN_10027ff2(void * this, uint * param_1)
func	0x028018	FUN_10028018	DEFAULT	undefined FUN_10028018(void * this, undefined * param_1, undefined4 param_2)
func	0x02804b	FUN_1002804b	DEFAULT	int FUN_1002804b(void * this, int param_1)
func	0x028076	FUN_10028076	DEFAULT	undefined FUN_10028076(void * this, undefined4 param_1, int param_2)
func	0x02809a	FUN_1002809a	DEFAULT	undefined FUN_1002809a(void * this, int param_1, int param_2)
func	0x0280e6	FUN_100280e6	DEFAULT	int FUN_100280e6(void * this, uint * param_1)
func	0x02814f	FUN_1002814f	DEFAULT	undefined FUN_1002814f(void * this, undefined4 * param_1, uint * param_2)
func	0x0281b3	FUN_100281b3	DEFAULT	undefined FUN_100281b3(void * this, char * param_1)
func	0x0281df	FUN_100281df	DEFAULT	undefined FUN_100281df(void * this, undefined4 * param_1, uint * param_2)
func	0x028216	FUN_10028216	DEFAULT	undefined FUN_10028216(undefined4 param_1, undefined4 param_2, int * param_3)
func	0x028241	FUN_10028241	DEFAULT	undefined FUN_10028241(void * this, int * param_1, uint * param_2)
func	0x028276	FUN_10028276	DEFAULT	undefined FUN_10028276(int param_1, int param_2, int * param_3)
func	0x028299	FUN_10028299	DEFAULT	undefined FUN_10028299(void)
func	0x0282a1	FUN_100282a1	DEFAULT	undefined FUN_100282a1(int param_1)
func	0x0282a9	FUN_100282a9	DEFAULT	undefined FUN_100282a9(void)
func	0x0282c9	FUN_100282c9	DEFAULT	undefined FUN_100282c9(undefined4 * param_1)
func	0x0282e0	FUN_100282e0	DEFAULT	undefined4 * FUN_100282e0(void * this, byte param_1)
func	0x0282fc	FUN_100282fc	DEFAULT	undefined4 * FUN_100282fc(void * this, undefined4 param_1, undefined4 param_2)
func	0x028329	FUN_10028329	DEFAULT	undefined FUN_10028329(undefined4 * param_1)
func	0x028334	FUN_10028334	DEFAULT	void * FUN_10028334(void * this, void * param_1)
func	0x02835c	FUN_1002835c	DEFAULT	undefined4 * FUN_1002835c(int param_1, undefined4 * param_2)
func	0x0283e3	FUN_100283e3	DEFAULT	undefined FUN_100283e3(void * this, undefined4 * param_1)
func	0x0283fc	FUN_100283fc	DEFAULT	bool FUN_100283fc(int param_1)
func	0x028405	FUN_10028405	DEFAULT	undefined4 * FUN_10028405(void * this, undefined4 * param_1)
func	0x0284ed	FUN_100284ed	DEFAULT	bool FUN_100284ed(void * this, int * param_1)
func	0x028569	FUN_10028569	DEFAULT	undefined FUN_10028569(void)
func	0x028579	FUN_10028579	DEFAULT	undefined FUN_10028579(void)
func	0x028599	FUN_10028599	DEFAULT	undefined FUN_10028599(void)
func	0x0285a9	FUN_100285a9	DEFAULT	undefined FUN_100285a9(void)
func	0x0285c9	FUN_100285c9	DEFAULT	undefined FUN_100285c9(void)
func	0x0285d9	FUN_100285d9	DEFAULT	undefined FUN_100285d9(void)
func	0x0285f9	FUN_100285f9	DEFAULT	undefined FUN_100285f9(void)
func	0x028609	FUN_10028609	DEFAULT	undefined FUN_10028609(void)
func	0x028629	FUN_10028629	DEFAULT	undefined FUN_10028629(void)
func	0x028639	FUN_10028639	DEFAULT	undefined FUN_10028639(void)
func	0x028659	FUN_10028659	DEFAULT	undefined FUN_10028659(void)
func	0x028669	FUN_10028669	DEFAULT	undefined FUN_10028669(void)
func	0x028689	FUN_10028689	DEFAULT	undefined FUN_10028689(void)
func	0x028699	FUN_10028699	DEFAULT	undefined FUN_10028699(void)
func	0x0286b9	FUN_100286b9	DEFAULT	undefined FUN_100286b9(void)
func	0x0286c9	FUN_100286c9	DEFAULT	undefined FUN_100286c9(void)
func	0x0286df	FUN_100286df	DEFAULT	undefined FUN_100286df(void * param_1)
func	0x028750	FUN_10028750	DEFAULT	bool FUN_10028750(void * param_1, uint * param_2)
func	0x0287f6	FUN_100287f6	DEFAULT	undefined1 FUN_100287f6(void * param_1, int * param_2, uint * param_3)
func	0x029425	FUN_10029425	DEFAULT	undefined FUN_10029425(int param_1)
func	0x029449	FUN_10029449	DEFAULT	undefined FUN_10029449(int param_1)
func	0x02945e	FUN_1002945e	DEFAULT	undefined FUN_1002945e(int param_1, int param_2, int * param_3)
func	0x0295c6	FUN_100295c6	DEFAULT	undefined FUN_100295c6(void * this, uint param_1, int * param_2, void * param_3, int param_4)
func	0x029636	FUN_10029636	DEFAULT	void * FUN_10029636(void * this, void * param_1, undefined1 * param_2, void * param_3, void * param_4)
func	0x029695	FUN_10029695	DEFAULT	undefined FUN_10029695(void * this, undefined1 * param_1, void * param_2, void * param_3)
func	0x029773	Catch@10029773	ANALYSIS	undefined Catch@10029773(void)
func	0x029828	Catch@10029828	ANALYSIS	undefined Catch@10029828(void)
func	0x02985b	FUN_1002985b	DEFAULT	undefined4 FUN_1002985b(void)
func	0x029886	FUN_10029886	DEFAULT	undefined4 FUN_10029886(undefined4 param_1)
func	0x0298aa	FUN_100298aa	DEFAULT	bool FUN_100298aa(void)
func	0x0298b6	FUN_100298b6	DEFAULT	undefined4 FUN_100298b6(void)
func	0x0298c9	FUN_100298c9	DEFAULT	int FUN_100298c9(void)
func	0x0298f5	FUN_100298f5	DEFAULT	undefined FUN_100298f5(void * param_1)
func	0x029957	FUN_10029957	DEFAULT	undefined FUN_10029957(void * param_1)
func	0x02997f	FUN_1002997f	DEFAULT	int FUN_1002997f(void)
func	0x0299ab	FUN_100299ab	DEFAULT	undefined4 FUN_100299ab(void)
func	0x0299be	FUN_100299be	DEFAULT	undefined4 FUN_100299be(void)
func	0x0299d1	FUN_100299d1	DEFAULT	undefined4 FUN_100299d1(void)
func	0x0299e4	FUN_100299e4	DEFAULT	undefined4 FUN_100299e4(void)
func	0x0299f7	FUN_100299f7	DEFAULT	undefined4 FUN_100299f7(void)
func	0x029a0a	FUN_10029a0a	DEFAULT	int FUN_10029a0a(void)
func	0x029a27	FUN_10029a27	DEFAULT	undefined4 * FUN_10029a27(undefined4 * param_1)
func	0x029a48	FUN_10029a48	DEFAULT	undefined FUN_10029a48(int * param_1)
func	0x029a77	Catch@10029a77	ANALYSIS	undefined4 Catch@10029a77(void)
func	0x029a7d	FUN_10029a7d	DEFAULT	undefined4 * FUN_10029a7d(undefined4 * param_1)
func	0x029a9e	FUN_10029a9e	DEFAULT	undefined FUN_10029a9e(int * param_1)
func	0x029acd	Catch@10029acd	ANALYSIS	undefined4 Catch@10029acd(void)
func	0x029ad3	FUN_10029ad3	DEFAULT	undefined4 * FUN_10029ad3(undefined4 * param_1)
func	0x029b2b	FUN_10029b2b	DEFAULT	undefined4 * FUN_10029b2b(void * this, byte param_1)
func	0x029b47	FUN_10029b47	DEFAULT	undefined FUN_10029b47(undefined4 * param_1)
func	0x029bb1	FUN_10029bb1	DEFAULT	undefined FUN_10029bb1(void)
func	0x029bb5	FUN_10029bb5	DEFAULT	undefined FUN_10029bb5(void * this, int param_1)
func	0x029bcb	FUN_10029bcb	DEFAULT	undefined1 FUN_10029bcb(void * this, int param_1, int param_2, void * param_3)
func	0x029ec2	FUN_10029ec2	DEFAULT	undefined1 FUN_10029ec2(void * this, int param_1, undefined * param_2, undefined4 param_3)
func	0x02a187	cSC3CityDefinition::RegisterLayer	IMPORTED	undefined RegisterLayer(void)
func	0x02a18c	FUN_1002a18c	DEFAULT	undefined FUN_1002a18c(void)
func	0x02a191	FUN_1002a191	DEFAULT	undefined FUN_1002a191(void)
func	0x02a196	FUN_1002a196	DEFAULT	undefined FUN_1002a196(void)
func	0x02a19b	FUN_1002a19b	DEFAULT	undefined FUN_1002a19b(void * this, void * param_1)
func	0x02a246	FUN_1002a246	DEFAULT	undefined FUN_1002a246(void * param_1)
func	0x02a45d	FUN_1002a45d	DEFAULT	undefined4 * FUN_1002a45d(void * this, byte param_1)
func	0x02a479	FUN_1002a479	DEFAULT	int * FUN_1002a479(void * this, undefined4 param_1, undefined4 param_2, undefined4 param_3, undefined4 param_4)
func	0x02a4f7	FUN_1002a4f7	DEFAULT	undefined FUN_1002a4f7(undefined4 * param_1)
func	0x02a512	FUN_1002a512	DEFAULT	undefined FUN_1002a512(void * this, int * param_1, undefined4 param_2, undefined4 param_3)
func	0x02a546	FUN_1002a546	DEFAULT	undefined1 * FUN_1002a546(void * this, int param_1, undefined4 param_2, uint param_3, uint param_4)
func	0x02ab6e	FUN_1002ab6e	DEFAULT	undefined FUN_1002ab6e(char * param_1)
func	0x02add4	FUN_1002add4	DEFAULT	undefined FUN_1002add4(void * this, undefined4 * param_1)
func	0x02aded	FUN_1002aded	DEFAULT	undefined FUN_1002aded(void * this, int * param_1)
func	0x02ae02	FUN_1002ae02	DEFAULT	undefined4 * FUN_1002ae02(void * this, int * param_1)
func	0x02ae3b	FUN_1002ae3b	DEFAULT	undefined4 * FUN_1002ae3b(void * this, byte param_1)
func	0x02ae57	FUN_1002ae57	DEFAULT	undefined4 * FUN_1002ae57(void * this, int * param_1)
func	0x02ae90	FUN_1002ae90	DEFAULT	undefined FUN_1002ae90(undefined4 * param_1)
func	0x02aed2	FUN_1002aed2	DEFAULT	bool FUN_1002aed2(int param_1)
func	0x02aedb	FUN_1002aedb	DEFAULT	undefined4 * FUN_1002aedb(void * this, int * param_1)
func	0x02af53	FUN_1002af53	DEFAULT	undefined4 * FUN_1002af53(void * this, byte param_1)
func	0x02af6f	FUN_1002af6f	DEFAULT	undefined4 * FUN_1002af6f(void * this, int * param_1)
func	0x02afe1	FUN_1002afe1	DEFAULT	undefined FUN_1002afe1(undefined4 * param_1)
func	0x02b024	FUN_1002b024	DEFAULT	undefined4 FUN_1002b024(int param_1)
func	0x02b03f	FUN_1002b03f	DEFAULT	undefined4 FUN_1002b03f(int param_1)
func	0x02b043	FUN_1002b043	DEFAULT	undefined FUN_1002b043(undefined4 * param_1)
func	0x02b057	FUN_1002b057	DEFAULT	undefined4 * FUN_1002b057(void * this, byte param_1)
func	0x02b073	FUN_1002b073	DEFAULT	undefined FUN_1002b073(undefined4 * param_1)
func	0x02b090	FUN_1002b090	DEFAULT	undefined FUN_1002b090(int param_1)
func	0x02b126	FUN_1002b126	DEFAULT	uint FUN_1002b126(void * this, int param_1)
func	0x02b19a	FUN_1002b19a	DEFAULT	undefined4 FUN_1002b19a(void)
func	0x02b1c3	FUN_1002b1c3	DEFAULT	uint FUN_1002b1c3(void)
func	0x02b211	FUN_1002b211	DEFAULT	undefined4 FUN_1002b211(char * param_1, size_t param_2)
func	0x02b278	FUN_1002b278	DEFAULT	uint FUN_1002b278(void)
func	0x02b305	FUN_1002b305	DEFAULT	undefined4 FUN_1002b305(void)
func	0x02b381	FUN_1002b381	DEFAULT	undefined8 FUN_1002b381(void)
func	0x02b3ac	FUN_1002b3ac	DEFAULT	undefined1 FUN_1002b3ac(void)
func	0x02b3dc	FUN_1002b3dc	DEFAULT	undefined2 FUN_1002b3dc(void)
func	0x02b41e	FUN_1002b41e	DEFAULT	undefined2 FUN_1002b41e(void)
func	0x02b45f	FUN_1002b45f	DEFAULT	undefined2 FUN_1002b45f(void)
func	0x02b4a4	FUN_1002b4a4	DEFAULT	undefined8 FUN_1002b4a4(void)
func	0x02b53a	FUN_1002b53a	DEFAULT	undefined4 FUN_1002b53a(int param_1)
func	0x02b560	FUN_1002b560	DEFAULT	int FUN_1002b560(void)
func	0x02b58d	FUN_1002b58d	DEFAULT	undefined4 FUN_1002b58d(int param_1)
func	0x02b5b3	FUN_1002b5b3	DEFAULT	undefined FUN_1002b5b3(undefined4 * param_1, int param_2)
func	0x02b6a1	Catch@1002b6a1	ANALYSIS	undefined4 Catch@1002b6a1(void)
func	0x02b6c2	FUN_1002b6c2	DEFAULT	undefined FUN_1002b6c2(uint * param_1, uint param_2)
func	0x02b788	FUN_1002b788	DEFAULT	undefined FUN_1002b788(uint * param_1)
func	0x02b974	FUN_1002b974	DEFAULT	undefined1 FUN_1002b974(void)
func	0x02b98f	FUN_1002b98f	DEFAULT	undefined FUN_1002b98f(undefined4 * param_1, undefined4 * param_2)
func	0x02b9b6	FUN_1002b9b6	DEFAULT	undefined FUN_1002b9b6(uint * param_1)
func	0x02badf	FUN_1002badf	DEFAULT	int FUN_1002badf(int param_1, uint param_2, int param_3, uint param_4, int * param_5, int * param_6)
func	0x02bb10	FUN_1002bb10	DEFAULT	undefined FUN_1002bb10(void * param_1)
func	0x02bb82	FUN_1002bb82	DEFAULT	undefined FUN_1002bb82(_onexit_t param_1)
func	0x02bbae	FUN_1002bbae	DEFAULT	int FUN_1002bbae(_onexit_t param_1)
func	0x02bbc6	FUN_1002bbc6	DEFAULT	undefined FUN_1002bbc6(undefined4 param_1, undefined4 param_2, int param_3, undefined * param_4)
func	0x02bc2e	FUN_1002bc2e	DEFAULT	undefined FUN_1002bc2e(void)
func	0x02bc46	FUN_1002bc46	DEFAULT	undefined FUN_1002bc46(undefined4 param_1, undefined4 param_2, int param_3, undefined * param_4)
func	0x02bcba	FUN_1002bcba	DEFAULT	undefined FUN_1002bcba(undefined4 param_1, undefined4 param_2, int param_3, undefined * param_4)
func	0x02bd24	FUN_1002bd24	DEFAULT	undefined FUN_1002bd24(void)
func	0x02bd3c	FUN_1002bd3c	DEFAULT	undefined4 FUN_1002bd3c(undefined4 param_1, int param_2)
func	0x02bde7	entry	IMPORTED	int entry(HMODULE param_1, int param_2, undefined4 param_3)
func	0x02be90	FUN_1002be90	DEFAULT	undefined FUN_1002be90(void)
func	0x02bede	FUN_1002bede	DEFAULT	undefined4 FUN_1002bede(HMODULE param_1, int param_2)
func	0x02bf14	Unwind@1002bf14	ANALYSIS	undefined Unwind@1002bf14(void)
func	0x02bf1c	Unwind@1002bf1c	ANALYSIS	undefined Unwind@1002bf1c(void)
func	0x02bf24	Unwind@1002bf24	ANALYSIS	undefined Unwind@1002bf24(void)
func	0x02bf38	Unwind@1002bf38	ANALYSIS	undefined Unwind@1002bf38(void)
func	0x02bf4c	Unwind@1002bf4c	ANALYSIS	undefined Unwind@1002bf4c(void)
func	0x02bf60	Unwind@1002bf60	ANALYSIS	undefined Unwind@1002bf60(void)
func	0x02bf80	Unwind@1002bf80	ANALYSIS	undefined Unwind@1002bf80(void)
func	0x02bf94	Unwind@1002bf94	ANALYSIS	undefined Unwind@1002bf94(void)
func	0x02bf9c	Unwind@1002bf9c	ANALYSIS	undefined Unwind@1002bf9c(void)
func	0x02bfb0	Unwind@1002bfb0	ANALYSIS	undefined Unwind@1002bfb0(void)
func	0x02bfd0	Unwind@1002bfd0	ANALYSIS	undefined Unwind@1002bfd0(void)
func	0x02bfd8	Unwind@1002bfd8	ANALYSIS	undefined Unwind@1002bfd8(void)
func	0x02bfe0	Unwind@1002bfe0	ANALYSIS	undefined Unwind@1002bfe0(void)
func	0x02bfe8	Unwind@1002bfe8	ANALYSIS	undefined Unwind@1002bfe8(void)
func	0x02bff0	Unwind@1002bff0	ANALYSIS	undefined Unwind@1002bff0(void)
func	0x02c004	Unwind@1002c004	ANALYSIS	undefined Unwind@1002c004(void)
func	0x02c018	Unwind@1002c018	ANALYSIS	undefined Unwind@1002c018(void)
func	0x02c02c	Unwind@1002c02c	ANALYSIS	undefined Unwind@1002c02c(void)
func	0x02c044	Unwind@1002c044	ANALYSIS	undefined Unwind@1002c044(void)
func	0x02c04f	Unwind@1002c04f	ANALYSIS	undefined Unwind@1002c04f(void)
func	0x02c064	Unwind@1002c064	ANALYSIS	undefined Unwind@1002c064(void)
func	0x02c06c	Unwind@1002c06c	ANALYSIS	undefined Unwind@1002c06c(void)
func	0x02c080	Unwind@1002c080	ANALYSIS	undefined Unwind@1002c080(void)
func	0x02c094	Unwind@1002c094	ANALYSIS	undefined Unwind@1002c094(void)
func	0x02c0a8	Unwind@1002c0a8	ANALYSIS	undefined Unwind@1002c0a8(void)
func	0x02c0c8	Unwind@1002c0c8	ANALYSIS	undefined Unwind@1002c0c8(void)
func	0x02c0dc	Unwind@1002c0dc	ANALYSIS	undefined Unwind@1002c0dc(void)
func	0x02c0f0	Unwind@1002c0f0	ANALYSIS	undefined Unwind@1002c0f0(void)
func	0x02c104	Unwind@1002c104	ANALYSIS	undefined Unwind@1002c104(void)
func	0x02c10c	Unwind@1002c10c	ANALYSIS	undefined Unwind@1002c10c(void)
func	0x02c120	Unwind@1002c120	ANALYSIS	undefined Unwind@1002c120(void)
func	0x02c128	Unwind@1002c128	ANALYSIS	undefined Unwind@1002c128(void)
func	0x02c130	Unwind@1002c130	ANALYSIS	undefined Unwind@1002c130(void)
func	0x02c13b	Unwind@1002c13b	ANALYSIS	undefined Unwind@1002c13b(void)
func	0x02c150	Unwind@1002c150	ANALYSIS	undefined Unwind@1002c150(void)
func	0x02c158	Unwind@1002c158	ANALYSIS	undefined Unwind@1002c158(void)
func	0x02c163	Unwind@1002c163	ANALYSIS	undefined Unwind@1002c163(void)
func	0x02c16e	Unwind@1002c16e	ANALYSIS	undefined Unwind@1002c16e(void)
func	0x02c184	Unwind@1002c184	ANALYSIS	undefined Unwind@1002c184(void)
func	0x02c18c	Unwind@1002c18c	ANALYSIS	undefined Unwind@1002c18c(void)
func	0x02c194	Unwind@1002c194	ANALYSIS	undefined Unwind@1002c194(void)
func	0x02c19f	Unwind@1002c19f	ANALYSIS	undefined Unwind@1002c19f(void)
func	0x02c1b4	Unwind@1002c1b4	ANALYSIS	undefined Unwind@1002c1b4(void)
func	0x02c1c8	Unwind@1002c1c8	ANALYSIS	undefined Unwind@1002c1c8(void)
func	0x02c1d0	Unwind@1002c1d0	ANALYSIS	undefined Unwind@1002c1d0(void)
func	0x02c1e4	Unwind@1002c1e4	ANALYSIS	undefined Unwind@1002c1e4(void)
func	0x02c1ec	Unwind@1002c1ec	ANALYSIS	undefined Unwind@1002c1ec(void)
func	0x02c1f4	Unwind@1002c1f4	ANALYSIS	undefined Unwind@1002c1f4(void)
func	0x02c1fc	Unwind@1002c1fc	ANALYSIS	undefined Unwind@1002c1fc(void)
func	0x02c204	Unwind@1002c204	ANALYSIS	undefined Unwind@1002c204(void)
func	0x02c20c	Unwind@1002c20c	ANALYSIS	undefined Unwind@1002c20c(void)
func	0x02c214	Unwind@1002c214	ANALYSIS	undefined Unwind@1002c214(void)
func	0x02c21c	Unwind@1002c21c	ANALYSIS	undefined Unwind@1002c21c(void)
func	0x02c230	Unwind@1002c230	ANALYSIS	undefined Unwind@1002c230(void)
func	0x02c238	Unwind@1002c238	ANALYSIS	undefined Unwind@1002c238(void)
func	0x02c240	Unwind@1002c240	ANALYSIS	undefined Unwind@1002c240(void)
func	0x02c248	Unwind@1002c248	ANALYSIS	undefined Unwind@1002c248(void)
func	0x02c250	Unwind@1002c250	ANALYSIS	undefined Unwind@1002c250(void)
func	0x02c258	Unwind@1002c258	ANALYSIS	undefined Unwind@1002c258(void)
func	0x02c260	Unwind@1002c260	ANALYSIS	undefined Unwind@1002c260(void)
func	0x02c268	Unwind@1002c268	ANALYSIS	undefined Unwind@1002c268(void)
func	0x02c27c	Unwind@1002c27c	ANALYSIS	undefined Unwind@1002c27c(void)
func	0x02c284	Unwind@1002c284	ANALYSIS	undefined Unwind@1002c284(void)
func	0x02c28c	Unwind@1002c28c	ANALYSIS	undefined Unwind@1002c28c(void)
func	0x02c294	Unwind@1002c294	ANALYSIS	undefined Unwind@1002c294(void)
func	0x02c29c	Unwind@1002c29c	ANALYSIS	undefined Unwind@1002c29c(void)
func	0x02c2a4	Unwind@1002c2a4	ANALYSIS	undefined Unwind@1002c2a4(void)
func	0x02c2ac	Unwind@1002c2ac	ANALYSIS	undefined Unwind@1002c2ac(void)
func	0x02c2b4	Unwind@1002c2b4	ANALYSIS	undefined Unwind@1002c2b4(void)
func	0x02c2bc	Unwind@1002c2bc	ANALYSIS	undefined Unwind@1002c2bc(void)
func	0x02c2c4	Unwind@1002c2c4	ANALYSIS	undefined Unwind@1002c2c4(void)
func	0x02c2d8	Unwind@1002c2d8	ANALYSIS	undefined Unwind@1002c2d8(void)
func	0x02c2e0	Unwind@1002c2e0	ANALYSIS	undefined Unwind@1002c2e0(void)
func	0x02c2e8	Unwind@1002c2e8	ANALYSIS	undefined Unwind@1002c2e8(void)
func	0x02c2f0	Unwind@1002c2f0	ANALYSIS	undefined Unwind@1002c2f0(void)
func	0x02c304	Unwind@1002c304	ANALYSIS	undefined Unwind@1002c304(void)
func	0x02c30f	Unwind@1002c30f	ANALYSIS	undefined Unwind@1002c30f(void)
func	0x02c31a	Unwind@1002c31a	ANALYSIS	undefined Unwind@1002c31a(void)
func	0x02c325	Unwind@1002c325	ANALYSIS	undefined Unwind@1002c325(void)
func	0x02c330	Unwind@1002c330	ANALYSIS	undefined Unwind@1002c330(void)
func	0x02c33b	Unwind@1002c33b	ANALYSIS	undefined Unwind@1002c33b(void)
func	0x02c346	Unwind@1002c346	ANALYSIS	undefined Unwind@1002c346(void)
func	0x02c354	Unwind@1002c354	ANALYSIS	undefined Unwind@1002c354(void)
func	0x02c362	Unwind@1002c362	ANALYSIS	undefined Unwind@1002c362(void)
func	0x02c370	Unwind@1002c370	ANALYSIS	undefined Unwind@1002c370(void)
func	0x02c37e	Unwind@1002c37e	ANALYSIS	undefined Unwind@1002c37e(void)
func	0x02c390	Unwind@1002c390	ANALYSIS	undefined Unwind@1002c390(void)
func	0x02c39b	Unwind@1002c39b	ANALYSIS	undefined Unwind@1002c39b(void)
func	0x02c3a6	Unwind@1002c3a6	ANALYSIS	undefined Unwind@1002c3a6(void)
func	0x02c3b1	Unwind@1002c3b1	ANALYSIS	undefined Unwind@1002c3b1(void)
func	0x02c3bc	Unwind@1002c3bc	ANALYSIS	undefined Unwind@1002c3bc(void)
func	0x02c3c7	Unwind@1002c3c7	ANALYSIS	undefined Unwind@1002c3c7(void)
func	0x02c3d2	Unwind@1002c3d2	ANALYSIS	undefined Unwind@1002c3d2(void)
func	0x02c3e0	Unwind@1002c3e0	ANALYSIS	undefined Unwind@1002c3e0(void)
func	0x02c3ee	Unwind@1002c3ee	ANALYSIS	undefined Unwind@1002c3ee(void)
func	0x02c3fc	Unwind@1002c3fc	ANALYSIS	undefined Unwind@1002c3fc(void)
func	0x02c40a	Unwind@1002c40a	ANALYSIS	undefined Unwind@1002c40a(void)
func	0x02c412	Unwind@1002c412	ANALYSIS	undefined Unwind@1002c412(void)
func	0x02c41a	Unwind@1002c41a	ANALYSIS	undefined Unwind@1002c41a(void)
func	0x02c42c	Unwind@1002c42c	ANALYSIS	undefined Unwind@1002c42c(void)
func	0x02c440	Unwind@1002c440	ANALYSIS	undefined Unwind@1002c440(void)
func	0x02c454	Unwind@1002c454	ANALYSIS	undefined Unwind@1002c454(void)
func	0x02c45c	Unwind@1002c45c	ANALYSIS	undefined Unwind@1002c45c(void)
func	0x02c467	Unwind@1002c467	ANALYSIS	undefined Unwind@1002c467(void)
func	0x02c46f	Unwind@1002c46f	ANALYSIS	undefined Unwind@1002c46f(void)
func	0x02c477	Unwind@1002c477	ANALYSIS	undefined Unwind@1002c477(void)
func	0x02c47f	Unwind@1002c47f	ANALYSIS	undefined Unwind@1002c47f(void)
func	0x02c487	Unwind@1002c487	ANALYSIS	undefined Unwind@1002c487(void)
func	0x02c49c	Unwind@1002c49c	ANALYSIS	undefined Unwind@1002c49c(void)
func	0x02c4a4	Unwind@1002c4a4	ANALYSIS	undefined Unwind@1002c4a4(void)
func	0x02c4af	Unwind@1002c4af	ANALYSIS	undefined Unwind@1002c4af(void)
func	0x02c4c4	Unwind@1002c4c4	ANALYSIS	undefined Unwind@1002c4c4(void)
func	0x02c4cf	Unwind@1002c4cf	ANALYSIS	undefined Unwind@1002c4cf(void)
func	0x02c4d7	Unwind@1002c4d7	ANALYSIS	undefined Unwind@1002c4d7(void)
func	0x02c4df	Unwind@1002c4df	ANALYSIS	undefined Unwind@1002c4df(void)
func	0x02c4e7	Unwind@1002c4e7	ANALYSIS	undefined Unwind@1002c4e7(void)
func	0x02c4ef	Unwind@1002c4ef	ANALYSIS	undefined Unwind@1002c4ef(void)
func	0x02c504	Unwind@1002c504	ANALYSIS	undefined Unwind@1002c504(void)
func	0x02c50c	Unwind@1002c50c	ANALYSIS	undefined Unwind@1002c50c(void)
func	0x02c524	Unwind@1002c524	ANALYSIS	undefined Unwind@1002c524(void)
func	0x02c52c	Unwind@1002c52c	ANALYSIS	undefined Unwind@1002c52c(void)
func	0x02c534	Unwind@1002c534	ANALYSIS	undefined Unwind@1002c534(void)
func	0x02c548	Unwind@1002c548	ANALYSIS	undefined Unwind@1002c548(void)
func	0x02c550	Unwind@1002c550	ANALYSIS	undefined Unwind@1002c550(void)
func	0x02c558	Unwind@1002c558	ANALYSIS	undefined Unwind@1002c558(void)
func	0x02c56c	Unwind@1002c56c	ANALYSIS	undefined Unwind@1002c56c(void)
func	0x02c574	Unwind@1002c574	ANALYSIS	undefined Unwind@1002c574(void)
func	0x02c57c	Unwind@1002c57c	ANALYSIS	undefined Unwind@1002c57c(void)
func	0x02c590	Unwind@1002c590	ANALYSIS	undefined Unwind@1002c590(void)
func	0x02c598	Unwind@1002c598	ANALYSIS	undefined Unwind@1002c598(void)
func	0x02c5ac	Unwind@1002c5ac	ANALYSIS	undefined Unwind@1002c5ac(void)
func	0x02c5c0	Unwind@1002c5c0	ANALYSIS	undefined Unwind@1002c5c0(void)
func	0x02c5d4	Unwind@1002c5d4	ANALYSIS	undefined Unwind@1002c5d4(void)
func	0x02c5e8	Unwind@1002c5e8	ANALYSIS	undefined Unwind@1002c5e8(void)
func	0x02c5fc	Unwind@1002c5fc	ANALYSIS	undefined Unwind@1002c5fc(void)
func	0x02c634	Unwind@1002c634	ANALYSIS	undefined Unwind@1002c634(void)
func	0x02c642	Unwind@1002c642	ANALYSIS	undefined Unwind@1002c642(void)
func	0x02c64a	Unwind@1002c64a	ANALYSIS	undefined Unwind@1002c64a(void)
func	0x02c688	Unwind@1002c688	ANALYSIS	undefined Unwind@1002c688(void)
func	0x02c690	Unwind@1002c690	ANALYSIS	undefined Unwind@1002c690(void)
func	0x02c698	Unwind@1002c698	ANALYSIS	undefined Unwind@1002c698(void)
func	0x02c6a0	Unwind@1002c6a0	ANALYSIS	undefined Unwind@1002c6a0(void)
func	0x02c6c4	Unwind@1002c6c4	ANALYSIS	undefined Unwind@1002c6c4(void)
func	0x02c6e8	Unwind@1002c6e8	ANALYSIS	undefined Unwind@1002c6e8(void)
func	0x02c700	Unwind@1002c700	ANALYSIS	undefined Unwind@1002c700(void)
func	0x02c718	Unwind@1002c718	ANALYSIS	undefined Unwind@1002c718(void)
func	0x02c720	Unwind@1002c720	ANALYSIS	undefined Unwind@1002c720(void)
func	0x02c734	Unwind@1002c734	ANALYSIS	undefined Unwind@1002c734(void)
func	0x02c73e	Unwind@1002c73e	ANALYSIS	undefined Unwind@1002c73e(void)
func	0x02c754	Unwind@1002c754	ANALYSIS	undefined Unwind@1002c754(void)
func	0x02c76c	Unwind@1002c76c	ANALYSIS	undefined Unwind@1002c76c(void)
func	0x02c774	Unwind@1002c774	ANALYSIS	undefined Unwind@1002c774(void)
func	0x02c77c	Unwind@1002c77c	ANALYSIS	undefined Unwind@1002c77c(void)
func	0x02c784	Unwind@1002c784	ANALYSIS	undefined Unwind@1002c784(void)
func	0x02c78f	Unwind@1002c78f	ANALYSIS	undefined Unwind@1002c78f(void)
func	0x02c797	Unwind@1002c797	ANALYSIS	undefined Unwind@1002c797(void)
func	0x02c7a2	Unwind@1002c7a2	ANALYSIS	undefined Unwind@1002c7a2(void)
func	0x02c7aa	Unwind@1002c7aa	ANALYSIS	undefined Unwind@1002c7aa(void)
func	0x02c7b2	Unwind@1002c7b2	ANALYSIS	undefined Unwind@1002c7b2(void)
func	0x02c7bd	Unwind@1002c7bd	ANALYSIS	undefined Unwind@1002c7bd(void)
func	0x02c7c8	Unwind@1002c7c8	ANALYSIS	undefined Unwind@1002c7c8(void)
func	0x02c7d3	Unwind@1002c7d3	ANALYSIS	undefined Unwind@1002c7d3(void)
func	0x02c7db	Unwind@1002c7db	ANALYSIS	undefined Unwind@1002c7db(void)
func	0x02c7f0	Unwind@1002c7f0	ANALYSIS	undefined Unwind@1002c7f0(void)
func	0x02c7fa	Unwind@1002c7fa	ANALYSIS	undefined Unwind@1002c7fa(void)
func	0x02c80c	Unwind@1002c80c	ANALYSIS	undefined Unwind@1002c80c(void)
func	0x02c820	Unwind@1002c820	ANALYSIS	undefined Unwind@1002c820(void)
func	0x02c82b	Unwind@1002c82b	ANALYSIS	undefined Unwind@1002c82b(void)
func	0x02c836	Unwind@1002c836	ANALYSIS	undefined Unwind@1002c836(void)
func	0x02c83e	Unwind@1002c83e	ANALYSIS	undefined Unwind@1002c83e(void)
func	0x02c846	Unwind@1002c846	ANALYSIS	undefined Unwind@1002c846(void)
func	0x02c851	Unwind@1002c851	ANALYSIS	undefined Unwind@1002c851(void)
func	0x02c859	Unwind@1002c859	ANALYSIS	undefined Unwind@1002c859(void)
func	0x02c861	Unwind@1002c861	ANALYSIS	undefined Unwind@1002c861(void)
func	0x02c874	Unwind@1002c874	ANALYSIS	undefined Unwind@1002c874(void)
func	0x02c888	Unwind@1002c888	ANALYSIS	undefined Unwind@1002c888(void)
func	0x02c892	Unwind@1002c892	ANALYSIS	undefined Unwind@1002c892(void)
func	0x02c89c	Unwind@1002c89c	ANALYSIS	undefined Unwind@1002c89c(void)
func	0x02c8a6	Unwind@1002c8a6	ANALYSIS	undefined Unwind@1002c8a6(void)
func	0x02c8b8	Unwind@1002c8b8	ANALYSIS	undefined Unwind@1002c8b8(void)
func	0x02c8c0	Unwind@1002c8c0	ANALYSIS	undefined Unwind@1002c8c0(void)
func	0x02c8c8	Unwind@1002c8c8	ANALYSIS	undefined Unwind@1002c8c8(void)
func	0x02c8dc	Unwind@1002c8dc	ANALYSIS	undefined Unwind@1002c8dc(void)
func	0x02c8f4	Unwind@1002c8f4	ANALYSIS	undefined Unwind@1002c8f4(void)
func	0x02c8fc	Unwind@1002c8fc	ANALYSIS	undefined Unwind@1002c8fc(void)
func	0x02c904	Unwind@1002c904	ANALYSIS	undefined Unwind@1002c904(void)
func	0x02c918	Unwind@1002c918	ANALYSIS	undefined Unwind@1002c918(void)
func	0x02c920	Unwind@1002c920	ANALYSIS	undefined Unwind@1002c920(void)
func	0x02c92b	Unwind@1002c92b	ANALYSIS	undefined Unwind@1002c92b(void)
func	0x02c936	Unwind@1002c936	ANALYSIS	undefined Unwind@1002c936(void)
func	0x02c93e	Unwind@1002c93e	ANALYSIS	undefined Unwind@1002c93e(void)
func	0x02c949	Unwind@1002c949	ANALYSIS	undefined Unwind@1002c949(void)
func	0x02c954	Unwind@1002c954	ANALYSIS	undefined Unwind@1002c954(void)
func	0x02c95f	Unwind@1002c95f	ANALYSIS	undefined Unwind@1002c95f(void)
func	0x02c96a	Unwind@1002c96a	ANALYSIS	undefined Unwind@1002c96a(void)
func	0x02c972	Unwind@1002c972	ANALYSIS	undefined Unwind@1002c972(void)
func	0x02c97d	Unwind@1002c97d	ANALYSIS	undefined Unwind@1002c97d(void)
func	0x02c988	Unwind@1002c988	ANALYSIS	undefined Unwind@1002c988(void)
func	0x02c993	Unwind@1002c993	ANALYSIS	undefined Unwind@1002c993(void)
func	0x02c99b	Unwind@1002c99b	ANALYSIS	undefined Unwind@1002c99b(void)
func	0x02c9a6	Unwind@1002c9a6	ANALYSIS	undefined Unwind@1002c9a6(void)
func	0x02c9ae	Unwind@1002c9ae	ANALYSIS	undefined Unwind@1002c9ae(void)
func	0x02c9b9	Unwind@1002c9b9	ANALYSIS	undefined Unwind@1002c9b9(void)
func	0x02c9c4	Unwind@1002c9c4	ANALYSIS	undefined Unwind@1002c9c4(void)
func	0x02c9cf	Unwind@1002c9cf	ANALYSIS	undefined Unwind@1002c9cf(void)
func	0x02c9da	Unwind@1002c9da	ANALYSIS	undefined Unwind@1002c9da(void)
func	0x02c9e5	Unwind@1002c9e5	ANALYSIS	undefined Unwind@1002c9e5(void)
func	0x02c9f0	Unwind@1002c9f0	ANALYSIS	undefined Unwind@1002c9f0(void)
func	0x02c9fb	Unwind@1002c9fb	ANALYSIS	undefined Unwind@1002c9fb(void)
func	0x02ca05	Unwind@1002ca05	ANALYSIS	undefined Unwind@1002ca05(void)
func	0x02ca10	Unwind@1002ca10	ANALYSIS	undefined Unwind@1002ca10(void)
func	0x02ca1b	Unwind@1002ca1b	ANALYSIS	undefined Unwind@1002ca1b(void)
func	0x02ca26	Unwind@1002ca26	ANALYSIS	undefined Unwind@1002ca26(void)
func	0x02ca31	Unwind@1002ca31	ANALYSIS	undefined Unwind@1002ca31(void)
func	0x02ca3c	Unwind@1002ca3c	ANALYSIS	undefined Unwind@1002ca3c(void)
func	0x02ca47	Unwind@1002ca47	ANALYSIS	undefined Unwind@1002ca47(void)
func	0x02ca52	Unwind@1002ca52	ANALYSIS	undefined Unwind@1002ca52(void)
func	0x02ca5d	Unwind@1002ca5d	ANALYSIS	undefined Unwind@1002ca5d(void)
func	0x02ca68	Unwind@1002ca68	ANALYSIS	undefined Unwind@1002ca68(void)
func	0x02ca73	Unwind@1002ca73	ANALYSIS	undefined Unwind@1002ca73(void)
func	0x02ca7e	Unwind@1002ca7e	ANALYSIS	undefined Unwind@1002ca7e(void)
func	0x02ca89	Unwind@1002ca89	ANALYSIS	undefined Unwind@1002ca89(void)
func	0x02ca94	Unwind@1002ca94	ANALYSIS	undefined Unwind@1002ca94(void)
func	0x02ca9f	Unwind@1002ca9f	ANALYSIS	undefined Unwind@1002ca9f(void)
func	0x02caaa	Unwind@1002caaa	ANALYSIS	undefined Unwind@1002caaa(void)
func	0x02cab5	Unwind@1002cab5	ANALYSIS	undefined Unwind@1002cab5(void)
func	0x02cac0	Unwind@1002cac0	ANALYSIS	undefined Unwind@1002cac0(void)
func	0x02cacb	Unwind@1002cacb	ANALYSIS	undefined Unwind@1002cacb(void)
func	0x02cad6	Unwind@1002cad6	ANALYSIS	undefined Unwind@1002cad6(void)
func	0x02cae1	Unwind@1002cae1	ANALYSIS	undefined Unwind@1002cae1(void)
func	0x02caec	Unwind@1002caec	ANALYSIS	undefined Unwind@1002caec(void)
func	0x02caf7	Unwind@1002caf7	ANALYSIS	undefined Unwind@1002caf7(void)
func	0x02cb02	Unwind@1002cb02	ANALYSIS	undefined Unwind@1002cb02(void)
func	0x02cb0d	Unwind@1002cb0d	ANALYSIS	undefined Unwind@1002cb0d(void)
func	0x02cb18	Unwind@1002cb18	ANALYSIS	undefined Unwind@1002cb18(void)
func	0x02cb23	Unwind@1002cb23	ANALYSIS	undefined Unwind@1002cb23(void)
func	0x02cb2e	Unwind@1002cb2e	ANALYSIS	undefined Unwind@1002cb2e(void)
func	0x02cb39	Unwind@1002cb39	ANALYSIS	undefined Unwind@1002cb39(void)
func	0x02cb44	Unwind@1002cb44	ANALYSIS	undefined Unwind@1002cb44(void)
func	0x02cb4f	Unwind@1002cb4f	ANALYSIS	undefined Unwind@1002cb4f(void)
func	0x02cb64	Unwind@1002cb64	ANALYSIS	undefined Unwind@1002cb64(void)
func	0x02cb90	Unwind@1002cb90	ANALYSIS	undefined Unwind@1002cb90(void)
func	0x02cb9b	Unwind@1002cb9b	ANALYSIS	undefined Unwind@1002cb9b(void)
func	0x02cba6	Unwind@1002cba6	ANALYSIS	undefined Unwind@1002cba6(void)
func	0x02cbae	Unwind@1002cbae	ANALYSIS	undefined Unwind@1002cbae(void)
func	0x02cbb6	Unwind@1002cbb6	ANALYSIS	undefined Unwind@1002cbb6(void)
func	0x02cbc1	Unwind@1002cbc1	ANALYSIS	undefined Unwind@1002cbc1(void)
func	0x02cbcc	Unwind@1002cbcc	ANALYSIS	undefined Unwind@1002cbcc(void)
func	0x02cbd4	Unwind@1002cbd4	ANALYSIS	undefined Unwind@1002cbd4(void)
func	0x02cbdc	Unwind@1002cbdc	ANALYSIS	undefined Unwind@1002cbdc(void)
func	0x02cbe6	Unwind@1002cbe6	ANALYSIS	undefined Unwind@1002cbe6(void)
func	0x02cbf0	Unwind@1002cbf0	ANALYSIS	undefined Unwind@1002cbf0(void)
func	0x02cbfa	Unwind@1002cbfa	ANALYSIS	undefined Unwind@1002cbfa(void)
func	0x02cc10	Unwind@1002cc10	ANALYSIS	undefined Unwind@1002cc10(void)
func	0x02cc24	Unwind@1002cc24	ANALYSIS	undefined Unwind@1002cc24(void)
func	0x02cc2f	Unwind@1002cc2f	ANALYSIS	undefined Unwind@1002cc2f(void)
func	0x02cc3a	Unwind@1002cc3a	ANALYSIS	undefined Unwind@1002cc3a(void)
func	0x02cc42	Unwind@1002cc42	ANALYSIS	undefined Unwind@1002cc42(void)
func	0x02cc4a	Unwind@1002cc4a	ANALYSIS	undefined Unwind@1002cc4a(void)
func	0x02cc52	Unwind@1002cc52	ANALYSIS	undefined Unwind@1002cc52(void)
func	0x02cc5a	Unwind@1002cc5a	ANALYSIS	undefined Unwind@1002cc5a(void)
func	0x02cc62	Unwind@1002cc62	ANALYSIS	undefined Unwind@1002cc62(void)
func	0x02cc6a	Unwind@1002cc6a	ANALYSIS	undefined Unwind@1002cc6a(void)
func	0x02cc72	Unwind@1002cc72	ANALYSIS	undefined Unwind@1002cc72(void)
func	0x02cc84	Unwind@1002cc84	ANALYSIS	undefined Unwind@1002cc84(void)
func	0x02cc98	Unwind@1002cc98	ANALYSIS	undefined Unwind@1002cc98(void)
func	0x02ccac	Unwind@1002ccac	ANALYSIS	undefined Unwind@1002ccac(void)
func	0x02ccb7	Unwind@1002ccb7	ANALYSIS	undefined Unwind@1002ccb7(void)
func	0x02cccc	Unwind@1002cccc	ANALYSIS	undefined Unwind@1002cccc(void)
func	0x02ccd6	Unwind@1002ccd6	ANALYSIS	undefined Unwind@1002ccd6(void)
func	0x02cce0	Unwind@1002cce0	ANALYSIS	undefined Unwind@1002cce0(void)
func	0x02ccea	Unwind@1002ccea	ANALYSIS	undefined Unwind@1002ccea(void)
func	0x02ccf4	Unwind@1002ccf4	ANALYSIS	undefined Unwind@1002ccf4(void)
func	0x02cd08	Unwind@1002cd08	ANALYSIS	undefined Unwind@1002cd08(void)
func	0x02cd1c	Unwind@1002cd1c	ANALYSIS	undefined Unwind@1002cd1c(void)
func	0x02cd30	Unwind@1002cd30	ANALYSIS	undefined Unwind@1002cd30(void)
func	0x02cd3b	Unwind@1002cd3b	ANALYSIS	undefined Unwind@1002cd3b(void)
func	0x02cd46	Unwind@1002cd46	ANALYSIS	undefined Unwind@1002cd46(void)
func	0x02cd51	Unwind@1002cd51	ANALYSIS	undefined Unwind@1002cd51(void)
func	0x02cd68	Unwind@1002cd68	ANALYSIS	undefined Unwind@1002cd68(void)
func	0x02cd73	Unwind@1002cd73	ANALYSIS	undefined Unwind@1002cd73(void)
func	0x02cd7e	Unwind@1002cd7e	ANALYSIS	undefined Unwind@1002cd7e(void)
func	0x02cd89	Unwind@1002cd89	ANALYSIS	undefined Unwind@1002cd89(void)
func	0x02cda0	Unwind@1002cda0	ANALYSIS	undefined Unwind@1002cda0(void)
func	0x02cda8	Unwind@1002cda8	ANALYSIS	undefined Unwind@1002cda8(void)
func	0x02cdb3	Unwind@1002cdb3	ANALYSIS	undefined Unwind@1002cdb3(void)
func	0x02cdbb	Unwind@1002cdbb	ANALYSIS	undefined Unwind@1002cdbb(void)
func	0x02cdc3	Unwind@1002cdc3	ANALYSIS	undefined Unwind@1002cdc3(void)
func	0x02cdcb	Unwind@1002cdcb	ANALYSIS	undefined Unwind@1002cdcb(void)
func	0x02cdd6	Unwind@1002cdd6	ANALYSIS	undefined Unwind@1002cdd6(void)
func	0x02cdde	Unwind@1002cdde	ANALYSIS	undefined Unwind@1002cdde(void)
func	0x02cdf0	Unwind@1002cdf0	ANALYSIS	undefined Unwind@1002cdf0(void)
func	0x02ce10	Unwind@1002ce10	ANALYSIS	undefined Unwind@1002ce10(void)
func	0x02ce30	Unwind@1002ce30	ANALYSIS	undefined Unwind@1002ce30(void)
func	0x02ce44	Unwind@1002ce44	ANALYSIS	undefined Unwind@1002ce44(void)
func	0x02ce58	Unwind@1002ce58	ANALYSIS	undefined Unwind@1002ce58(void)
func	0x02ce6c	Unwind@1002ce6c	ANALYSIS	undefined Unwind@1002ce6c(void)
func	0x02ce80	Unwind@1002ce80	ANALYSIS	undefined Unwind@1002ce80(void)
func	0x02ce8e	Unwind@1002ce8e	ANALYSIS	undefined Unwind@1002ce8e(void)
func	0x02ceb4	Unwind@1002ceb4	ANALYSIS	undefined Unwind@1002ceb4(void)
func	0x02cebc	Unwind@1002cebc	ANALYSIS	undefined Unwind@1002cebc(void)
func	0x02cec4	Unwind@1002cec4	ANALYSIS	undefined Unwind@1002cec4(void)
func	0x02cecc	Unwind@1002cecc	ANALYSIS	undefined Unwind@1002cecc(void)
func	0x02cef0	Unwind@1002cef0	ANALYSIS	undefined Unwind@1002cef0(void)
func	0x02cf08	Unwind@1002cf08	ANALYSIS	undefined Unwind@1002cf08(void)
func	0x02cf13	Unwind@1002cf13	ANALYSIS	undefined Unwind@1002cf13(void)
func	0x02cf1b	Unwind@1002cf1b	ANALYSIS	undefined Unwind@1002cf1b(void)
func	0x02cf23	Unwind@1002cf23	ANALYSIS	undefined Unwind@1002cf23(void)
func	0x02cf38	Unwind@1002cf38	ANALYSIS	undefined Unwind@1002cf38(void)
func	0x02cf40	Unwind@1002cf40	ANALYSIS	undefined Unwind@1002cf40(void)
func	0x02cf48	Unwind@1002cf48	ANALYSIS	undefined Unwind@1002cf48(void)
func	0x02cf5c	Unwind@1002cf5c	ANALYSIS	undefined Unwind@1002cf5c(void)
func	0x02cf74	Unwind@1002cf74	ANALYSIS	undefined Unwind@1002cf74(void)
func	0x02cf7f	Unwind@1002cf7f	ANALYSIS	undefined Unwind@1002cf7f(void)
func	0x02cf8a	Unwind@1002cf8a	ANALYSIS	undefined Unwind@1002cf8a(void)
func	0x02cfa0	Unwind@1002cfa0	ANALYSIS	undefined Unwind@1002cfa0(void)
func	0x02cfa8	Unwind@1002cfa8	ANALYSIS	undefined Unwind@1002cfa8(void)
func	0x02cfb0	Unwind@1002cfb0	ANALYSIS	undefined Unwind@1002cfb0(void)
func	0x02cfc4	Unwind@1002cfc4	ANALYSIS	undefined Unwind@1002cfc4(void)
func	0x02cfcc	Unwind@1002cfcc	ANALYSIS	undefined Unwind@1002cfcc(void)
func	0x02cfd4	Unwind@1002cfd4	ANALYSIS	undefined Unwind@1002cfd4(void)
func	0x02cfdf	Unwind@1002cfdf	ANALYSIS	undefined Unwind@1002cfdf(void)
func	0x02cfe7	Unwind@1002cfe7	ANALYSIS	undefined Unwind@1002cfe7(void)
func	0x02cfef	Unwind@1002cfef	ANALYSIS	undefined Unwind@1002cfef(void)
func	0x02cff7	Unwind@1002cff7	ANALYSIS	undefined Unwind@1002cff7(void)
func	0x02cfff	Unwind@1002cfff	ANALYSIS	undefined Unwind@1002cfff(void)
func	0x02d014	Unwind@1002d014	ANALYSIS	undefined Unwind@1002d014(void)
func	0x02d034	Unwind@1002d034	ANALYSIS	undefined Unwind@1002d034(void)
func	0x02d04c	Unwind@1002d04c	ANALYSIS	undefined Unwind@1002d04c(void)
func	0x02d057	Unwind@1002d057	ANALYSIS	undefined Unwind@1002d057(void)
func	0x02d062	Unwind@1002d062	ANALYSIS	undefined Unwind@1002d062(void)
func	0x02d06d	Unwind@1002d06d	ANALYSIS	undefined Unwind@1002d06d(void)
func	0x02d078	Unwind@1002d078	ANALYSIS	undefined Unwind@1002d078(void)
func	0x02d083	Unwind@1002d083	ANALYSIS	undefined Unwind@1002d083(void)
func	0x02d08e	Unwind@1002d08e	ANALYSIS	undefined Unwind@1002d08e(void)
func	0x02d099	Unwind@1002d099	ANALYSIS	undefined Unwind@1002d099(void)
func	0x02d0a7	Unwind@1002d0a7	ANALYSIS	undefined Unwind@1002d0a7(void)
func	0x02d0b5	Unwind@1002d0b5	ANALYSIS	undefined Unwind@1002d0b5(void)
func	0x02d0c3	Unwind@1002d0c3	ANALYSIS	undefined Unwind@1002d0c3(void)
func	0x02d0dc	Unwind@1002d0dc	ANALYSIS	undefined Unwind@1002d0dc(void)
func	0x02d0e7	Unwind@1002d0e7	ANALYSIS	undefined Unwind@1002d0e7(void)
func	0x02d0f2	Unwind@1002d0f2	ANALYSIS	undefined Unwind@1002d0f2(void)
func	0x02d0fd	Unwind@1002d0fd	ANALYSIS	undefined Unwind@1002d0fd(void)
func	0x02d108	Unwind@1002d108	ANALYSIS	undefined Unwind@1002d108(void)
func	0x02d113	Unwind@1002d113	ANALYSIS	undefined Unwind@1002d113(void)
func	0x02d11e	Unwind@1002d11e	ANALYSIS	undefined Unwind@1002d11e(void)
func	0x02d129	Unwind@1002d129	ANALYSIS	undefined Unwind@1002d129(void)
func	0x02d137	Unwind@1002d137	ANALYSIS	undefined Unwind@1002d137(void)
func	0x02d145	Unwind@1002d145	ANALYSIS	undefined Unwind@1002d145(void)
func	0x02d153	Unwind@1002d153	ANALYSIS	undefined Unwind@1002d153(void)
func	0x02d16c	Unwind@1002d16c	ANALYSIS	undefined Unwind@1002d16c(void)
func	0x02d174	Unwind@1002d174	ANALYSIS	undefined Unwind@1002d174(void)
func	0x02d17c	Unwind@1002d17c	ANALYSIS	undefined Unwind@1002d17c(void)
func	0x02d184	Unwind@1002d184	ANALYSIS	undefined Unwind@1002d184(void)
func	0x02d18c	Unwind@1002d18c	ANALYSIS	undefined Unwind@1002d18c(void)
func	0x02d194	Unwind@1002d194	ANALYSIS	undefined Unwind@1002d194(void)
func	0x02d19f	Unwind@1002d19f	ANALYSIS	undefined Unwind@1002d19f(void)
func	0x02d1a7	Unwind@1002d1a7	ANALYSIS	undefined Unwind@1002d1a7(void)
func	0x02d1af	Unwind@1002d1af	ANALYSIS	undefined Unwind@1002d1af(void)
func	0x02d1c4	Unwind@1002d1c4	ANALYSIS	undefined Unwind@1002d1c4(void)
func	0x02d1cf	Unwind@1002d1cf	ANALYSIS	undefined Unwind@1002d1cf(void)
func	0x02d1da	Unwind@1002d1da	ANALYSIS	undefined Unwind@1002d1da(void)
func	0x02d1e5	Unwind@1002d1e5	ANALYSIS	undefined Unwind@1002d1e5(void)
func	0x02d1f0	Unwind@1002d1f0	ANALYSIS	undefined Unwind@1002d1f0(void)
func	0x02d1fb	Unwind@1002d1fb	ANALYSIS	undefined Unwind@1002d1fb(void)
func	0x02d206	Unwind@1002d206	ANALYSIS	undefined Unwind@1002d206(void)
func	0x02d211	Unwind@1002d211	ANALYSIS	undefined Unwind@1002d211(void)
func	0x02d21c	Unwind@1002d21c	ANALYSIS	undefined Unwind@1002d21c(void)
func	0x02d227	Unwind@1002d227	ANALYSIS	undefined Unwind@1002d227(void)
func	0x02d232	Unwind@1002d232	ANALYSIS	undefined Unwind@1002d232(void)
func	0x02d23d	Unwind@1002d23d	ANALYSIS	undefined Unwind@1002d23d(void)
func	0x02d248	Unwind@1002d248	ANALYSIS	undefined Unwind@1002d248(void)
func	0x02d253	Unwind@1002d253	ANALYSIS	undefined Unwind@1002d253(void)
func	0x02d25e	Unwind@1002d25e	ANALYSIS	undefined Unwind@1002d25e(void)
func	0x02d269	Unwind@1002d269	ANALYSIS	undefined Unwind@1002d269(void)
func	0x02d274	Unwind@1002d274	ANALYSIS	undefined Unwind@1002d274(void)
func	0x02d27f	Unwind@1002d27f	ANALYSIS	undefined Unwind@1002d27f(void)
func	0x02d28a	Unwind@1002d28a	ANALYSIS	undefined Unwind@1002d28a(void)
func	0x02d295	Unwind@1002d295	ANALYSIS	undefined Unwind@1002d295(void)
func	0x02d2a0	Unwind@1002d2a0	ANALYSIS	undefined Unwind@1002d2a0(void)
func	0x02d2ab	Unwind@1002d2ab	ANALYSIS	undefined Unwind@1002d2ab(void)
func	0x02d2b3	Unwind@1002d2b3	ANALYSIS	undefined Unwind@1002d2b3(void)
func	0x02d2bb	Unwind@1002d2bb	ANALYSIS	undefined Unwind@1002d2bb(void)
func	0x02d2c3	Unwind@1002d2c3	ANALYSIS	undefined Unwind@1002d2c3(void)
func	0x02d2ce	Unwind@1002d2ce	ANALYSIS	undefined Unwind@1002d2ce(void)
func	0x02d2d9	Unwind@1002d2d9	ANALYSIS	undefined Unwind@1002d2d9(void)
func	0x02d2e4	Unwind@1002d2e4	ANALYSIS	undefined Unwind@1002d2e4(void)
func	0x02d2ef	Unwind@1002d2ef	ANALYSIS	undefined Unwind@1002d2ef(void)
func	0x02d2f7	Unwind@1002d2f7	ANALYSIS	undefined Unwind@1002d2f7(void)
func	0x02d2ff	Unwind@1002d2ff	ANALYSIS	undefined Unwind@1002d2ff(void)
func	0x02d307	Unwind@1002d307	ANALYSIS	undefined Unwind@1002d307(void)
func	0x02d30f	Unwind@1002d30f	ANALYSIS	undefined Unwind@1002d30f(void)
func	0x02d317	Unwind@1002d317	ANALYSIS	undefined Unwind@1002d317(void)
func	0x02d31f	Unwind@1002d31f	ANALYSIS	undefined Unwind@1002d31f(void)
func	0x02d327	Unwind@1002d327	ANALYSIS	undefined Unwind@1002d327(void)
func	0x02d32f	Unwind@1002d32f	ANALYSIS	undefined Unwind@1002d32f(void)
func	0x02d337	Unwind@1002d337	ANALYSIS	undefined Unwind@1002d337(void)
func	0x02d33f	Unwind@1002d33f	ANALYSIS	undefined Unwind@1002d33f(void)
func	0x02d34a	Unwind@1002d34a	ANALYSIS	undefined Unwind@1002d34a(void)
func	0x02d352	Unwind@1002d352	ANALYSIS	undefined Unwind@1002d352(void)
func	0x02d35a	Unwind@1002d35a	ANALYSIS	undefined Unwind@1002d35a(void)
func	0x02d362	Unwind@1002d362	ANALYSIS	undefined Unwind@1002d362(void)
func	0x02d36d	Unwind@1002d36d	ANALYSIS	undefined Unwind@1002d36d(void)
func	0x02d375	Unwind@1002d375	ANALYSIS	undefined Unwind@1002d375(void)
func	0x02d37d	Unwind@1002d37d	ANALYSIS	undefined Unwind@1002d37d(void)
func	0x02d385	Unwind@1002d385	ANALYSIS	undefined Unwind@1002d385(void)
func	0x02d38f	Unwind@1002d38f	ANALYSIS	undefined Unwind@1002d38f(void)
func	0x02d39a	Unwind@1002d39a	ANALYSIS	undefined Unwind@1002d39a(void)
func	0x02d3a2	Unwind@1002d3a2	ANALYSIS	undefined Unwind@1002d3a2(void)
func	0x02d3aa	Unwind@1002d3aa	ANALYSIS	undefined Unwind@1002d3aa(void)
func	0x02d3b2	Unwind@1002d3b2	ANALYSIS	undefined Unwind@1002d3b2(void)
func	0x02d3bd	Unwind@1002d3bd	ANALYSIS	undefined Unwind@1002d3bd(void)
func	0x02d3c5	Unwind@1002d3c5	ANALYSIS	undefined Unwind@1002d3c5(void)
func	0x02d3cd	Unwind@1002d3cd	ANALYSIS	undefined Unwind@1002d3cd(void)
func	0x02d3d5	Unwind@1002d3d5	ANALYSIS	undefined Unwind@1002d3d5(void)
func	0x02d3dd	Unwind@1002d3dd	ANALYSIS	undefined Unwind@1002d3dd(void)
func	0x02d3e5	Unwind@1002d3e5	ANALYSIS	undefined Unwind@1002d3e5(void)
func	0x02d3f0	Unwind@1002d3f0	ANALYSIS	undefined Unwind@1002d3f0(void)
func	0x02d3f8	Unwind@1002d3f8	ANALYSIS	undefined Unwind@1002d3f8(void)
func	0x02d400	Unwind@1002d400	ANALYSIS	undefined Unwind@1002d400(void)
func	0x02d408	Unwind@1002d408	ANALYSIS	undefined Unwind@1002d408(void)
func	0x02d410	Unwind@1002d410	ANALYSIS	undefined Unwind@1002d410(void)
func	0x02d41a	Unwind@1002d41a	ANALYSIS	undefined Unwind@1002d41a(void)
func	0x02d422	Unwind@1002d422	ANALYSIS	undefined Unwind@1002d422(void)
func	0x02d42c	Unwind@1002d42c	ANALYSIS	undefined Unwind@1002d42c(void)
func	0x02d437	Unwind@1002d437	ANALYSIS	undefined Unwind@1002d437(void)
func	0x02d43f	Unwind@1002d43f	ANALYSIS	undefined Unwind@1002d43f(void)
func	0x02d447	Unwind@1002d447	ANALYSIS	undefined Unwind@1002d447(void)
func	0x02d452	Unwind@1002d452	ANALYSIS	undefined Unwind@1002d452(void)
func	0x02d45d	Unwind@1002d45d	ANALYSIS	undefined Unwind@1002d45d(void)
func	0x02d465	Unwind@1002d465	ANALYSIS	undefined Unwind@1002d465(void)
func	0x02d470	Unwind@1002d470	ANALYSIS	undefined Unwind@1002d470(void)
func	0x02d47b	Unwind@1002d47b	ANALYSIS	undefined Unwind@1002d47b(void)
func	0x02d485	Unwind@1002d485	ANALYSIS	undefined Unwind@1002d485(void)
func	0x02d48d	Unwind@1002d48d	ANALYSIS	undefined Unwind@1002d48d(void)
func	0x02d4a4	Unwind@1002d4a4	ANALYSIS	undefined Unwind@1002d4a4(void)
func	0x02d4b8	Unwind@1002d4b8	ANALYSIS	undefined Unwind@1002d4b8(void)
func	0x02d4cc	Unwind@1002d4cc	ANALYSIS	undefined Unwind@1002d4cc(void)
func	0x02d4d6	Unwind@1002d4d6	ANALYSIS	undefined Unwind@1002d4d6(void)
func	0x02d4ec	Unwind@1002d4ec	ANALYSIS	undefined Unwind@1002d4ec(void)
func	0x02d4f4	Unwind@1002d4f4	ANALYSIS	undefined Unwind@1002d4f4(void)
func	0x02d508	Unwind@1002d508	ANALYSIS	undefined Unwind@1002d508(void)
func	0x02d513	Unwind@1002d513	ANALYSIS	undefined Unwind@1002d513(void)
func	0x02d51e	Unwind@1002d51e	ANALYSIS	undefined Unwind@1002d51e(void)
func	0x02d526	Unwind@1002d526	ANALYSIS	undefined Unwind@1002d526(void)
func	0x02d52e	Unwind@1002d52e	ANALYSIS	undefined Unwind@1002d52e(void)
func	0x02d536	Unwind@1002d536	ANALYSIS	undefined Unwind@1002d536(void)
func	0x02d541	Unwind@1002d541	ANALYSIS	undefined Unwind@1002d541(void)
func	0x02d549	Unwind@1002d549	ANALYSIS	undefined Unwind@1002d549(void)
func	0x02d551	Unwind@1002d551	ANALYSIS	undefined Unwind@1002d551(void)
func	0x02d559	Unwind@1002d559	ANALYSIS	undefined Unwind@1002d559(void)
func	0x02d563	Unwind@1002d563	ANALYSIS	undefined Unwind@1002d563(void)
func	0x02d56b	Unwind@1002d56b	ANALYSIS	undefined Unwind@1002d56b(void)
func	0x02d573	Unwind@1002d573	ANALYSIS	undefined Unwind@1002d573(void)
func	0x02d57d	Unwind@1002d57d	ANALYSIS	undefined Unwind@1002d57d(void)
func	0x02d594	Unwind@1002d594	ANALYSIS	undefined Unwind@1002d594(void)
func	0x02d59c	Unwind@1002d59c	ANALYSIS	undefined Unwind@1002d59c(void)
func	0x02d5a7	Unwind@1002d5a7	ANALYSIS	undefined Unwind@1002d5a7(void)
func	0x02d5b2	Unwind@1002d5b2	ANALYSIS	undefined Unwind@1002d5b2(void)
func	0x02d5bd	Unwind@1002d5bd	ANALYSIS	undefined Unwind@1002d5bd(void)
func	0x02d5c8	Unwind@1002d5c8	ANALYSIS	undefined Unwind@1002d5c8(void)
func	0x02d5d0	Unwind@1002d5d0	ANALYSIS	undefined Unwind@1002d5d0(void)
func	0x02d5d8	Unwind@1002d5d8	ANALYSIS	undefined Unwind@1002d5d8(void)
func	0x02d5e3	Unwind@1002d5e3	ANALYSIS	undefined Unwind@1002d5e3(void)
func	0x02d5ee	Unwind@1002d5ee	ANALYSIS	undefined Unwind@1002d5ee(void)
func	0x02d5f9	Unwind@1002d5f9	ANALYSIS	undefined Unwind@1002d5f9(void)
func	0x02d601	Unwind@1002d601	ANALYSIS	undefined Unwind@1002d601(void)
func	0x02d609	Unwind@1002d609	ANALYSIS	undefined Unwind@1002d609(void)
func	0x02d611	Unwind@1002d611	ANALYSIS	undefined Unwind@1002d611(void)
func	0x02d624	Unwind@1002d624	ANALYSIS	undefined Unwind@1002d624(void)
func	0x02d62f	Unwind@1002d62f	ANALYSIS	undefined Unwind@1002d62f(void)
func	0x02d63a	Unwind@1002d63a	ANALYSIS	undefined Unwind@1002d63a(void)
func	0x02d642	Unwind@1002d642	ANALYSIS	undefined Unwind@1002d642(void)
func	0x02d64a	Unwind@1002d64a	ANALYSIS	undefined Unwind@1002d64a(void)
func	0x02d655	Unwind@1002d655	ANALYSIS	undefined Unwind@1002d655(void)
func	0x02d660	Unwind@1002d660	ANALYSIS	undefined Unwind@1002d660(void)
func	0x02d668	Unwind@1002d668	ANALYSIS	undefined Unwind@1002d668(void)
func	0x02d670	Unwind@1002d670	ANALYSIS	undefined Unwind@1002d670(void)
func	0x02d684	Unwind@1002d684	ANALYSIS	undefined Unwind@1002d684(void)
func	0x02d698	Unwind@1002d698	ANALYSIS	undefined Unwind@1002d698(void)
func	0x02d6a0	Unwind@1002d6a0	ANALYSIS	undefined Unwind@1002d6a0(void)
func	0x02d6a8	Unwind@1002d6a8	ANALYSIS	undefined Unwind@1002d6a8(void)
func	0x02d6b0	Unwind@1002d6b0	ANALYSIS	undefined Unwind@1002d6b0(void)
func	0x02d6bb	Unwind@1002d6bb	ANALYSIS	undefined Unwind@1002d6bb(void)
func	0x02d6c5	Unwind@1002d6c5	ANALYSIS	undefined Unwind@1002d6c5(void)
func	0x02d6cd	Unwind@1002d6cd	ANALYSIS	undefined Unwind@1002d6cd(void)
func	0x02d6d8	Unwind@1002d6d8	ANALYSIS	undefined Unwind@1002d6d8(void)
func	0x02d6e3	Unwind@1002d6e3	ANALYSIS	undefined Unwind@1002d6e3(void)
func	0x02d6ee	Unwind@1002d6ee	ANALYSIS	undefined Unwind@1002d6ee(void)
func	0x02d6f9	Unwind@1002d6f9	ANALYSIS	undefined Unwind@1002d6f9(void)
func	0x02d704	Unwind@1002d704	ANALYSIS	undefined Unwind@1002d704(void)
func	0x02d70f	Unwind@1002d70f	ANALYSIS	undefined Unwind@1002d70f(void)
func	0x02d717	Unwind@1002d717	ANALYSIS	undefined Unwind@1002d717(void)
func	0x02d722	Unwind@1002d722	ANALYSIS	undefined Unwind@1002d722(void)
func	0x02d72d	Unwind@1002d72d	ANALYSIS	undefined Unwind@1002d72d(void)
func	0x02d738	Unwind@1002d738	ANALYSIS	undefined Unwind@1002d738(void)
func	0x02d743	Unwind@1002d743	ANALYSIS	undefined Unwind@1002d743(void)
func	0x02d74b	Unwind@1002d74b	ANALYSIS	undefined Unwind@1002d74b(void)
func	0x02d756	Unwind@1002d756	ANALYSIS	undefined Unwind@1002d756(void)
func	0x02d75e	Unwind@1002d75e	ANALYSIS	undefined Unwind@1002d75e(void)
func	0x02d766	Unwind@1002d766	ANALYSIS	undefined Unwind@1002d766(void)
func	0x02d76e	Unwind@1002d76e	ANALYSIS	undefined Unwind@1002d76e(void)
func	0x02d779	Unwind@1002d779	ANALYSIS	undefined Unwind@1002d779(void)
func	0x02d781	Unwind@1002d781	ANALYSIS	undefined Unwind@1002d781(void)
func	0x02d78c	Unwind@1002d78c	ANALYSIS	undefined Unwind@1002d78c(void)
func	0x02d797	Unwind@1002d797	ANALYSIS	undefined Unwind@1002d797(void)
func	0x02d7a2	Unwind@1002d7a2	ANALYSIS	undefined Unwind@1002d7a2(void)
func	0x02d7ad	Unwind@1002d7ad	ANALYSIS	undefined Unwind@1002d7ad(void)
func	0x02d7b8	Unwind@1002d7b8	ANALYSIS	undefined Unwind@1002d7b8(void)
func	0x02d7c3	Unwind@1002d7c3	ANALYSIS	undefined Unwind@1002d7c3(void)
func	0x02d7ce	Unwind@1002d7ce	ANALYSIS	undefined Unwind@1002d7ce(void)
func	0x02d7d9	Unwind@1002d7d9	ANALYSIS	undefined Unwind@1002d7d9(void)
func	0x02d7e4	Unwind@1002d7e4	ANALYSIS	undefined Unwind@1002d7e4(void)
func	0x02d7ec	Unwind@1002d7ec	ANALYSIS	undefined Unwind@1002d7ec(void)
func	0x02d7f7	Unwind@1002d7f7	ANALYSIS	undefined Unwind@1002d7f7(void)
func	0x02d802	Unwind@1002d802	ANALYSIS	undefined Unwind@1002d802(void)
func	0x02d818	Unwind@1002d818	ANALYSIS	undefined Unwind@1002d818(void)
func	0x02d820	Unwind@1002d820	ANALYSIS	undefined Unwind@1002d820(void)
func	0x02d828	Unwind@1002d828	ANALYSIS	undefined Unwind@1002d828(void)
func	0x02d830	Unwind@1002d830	ANALYSIS	undefined Unwind@1002d830(void)
func	0x02d838	Unwind@1002d838	ANALYSIS	undefined Unwind@1002d838(void)
func	0x02d843	Unwind@1002d843	ANALYSIS	undefined Unwind@1002d843(void)
func	0x02d84e	Unwind@1002d84e	ANALYSIS	undefined Unwind@1002d84e(void)
func	0x02d859	Unwind@1002d859	ANALYSIS	undefined Unwind@1002d859(void)
func	0x02d86c	Unwind@1002d86c	ANALYSIS	undefined Unwind@1002d86c(void)
func	0x02d874	Unwind@1002d874	ANALYSIS	undefined Unwind@1002d874(void)
func	0x02d87c	Unwind@1002d87c	ANALYSIS	undefined Unwind@1002d87c(void)
func	0x02d884	Unwind@1002d884	ANALYSIS	undefined Unwind@1002d884(void)
func	0x02d88c	Unwind@1002d88c	ANALYSIS	undefined Unwind@1002d88c(void)
func	0x02d894	Unwind@1002d894	ANALYSIS	undefined Unwind@1002d894(void)
func	0x02d89f	Unwind@1002d89f	ANALYSIS	undefined Unwind@1002d89f(void)
func	0x02d8aa	Unwind@1002d8aa	ANALYSIS	undefined Unwind@1002d8aa(void)
func	0x02d8b5	Unwind@1002d8b5	ANALYSIS	undefined Unwind@1002d8b5(void)
func	0x02d8bd	Unwind@1002d8bd	ANALYSIS	undefined Unwind@1002d8bd(void)
func	0x02d8c8	Unwind@1002d8c8	ANALYSIS	undefined Unwind@1002d8c8(void)
func	0x02d8d3	Unwind@1002d8d3	ANALYSIS	undefined Unwind@1002d8d3(void)
func	0x02d8de	Unwind@1002d8de	ANALYSIS	undefined Unwind@1002d8de(void)
func	0x02d8f0	Unwind@1002d8f0	ANALYSIS	undefined Unwind@1002d8f0(void)
func	0x02d8f8	Unwind@1002d8f8	ANALYSIS	undefined Unwind@1002d8f8(void)
func	0x02d900	Unwind@1002d900	ANALYSIS	undefined Unwind@1002d900(void)
func	0x02d908	Unwind@1002d908	ANALYSIS	undefined Unwind@1002d908(void)
func	0x02d913	Unwind@1002d913	ANALYSIS	undefined Unwind@1002d913(void)
func	0x02d91b	Unwind@1002d91b	ANALYSIS	undefined Unwind@1002d91b(void)
func	0x02d923	Unwind@1002d923	ANALYSIS	undefined Unwind@1002d923(void)
func	0x02d92e	Unwind@1002d92e	ANALYSIS	undefined Unwind@1002d92e(void)
func	0x02d936	Unwind@1002d936	ANALYSIS	undefined Unwind@1002d936(void)
func	0x02d93e	Unwind@1002d93e	ANALYSIS	undefined Unwind@1002d93e(void)
func	0x02d949	Unwind@1002d949	ANALYSIS	undefined Unwind@1002d949(void)
func	0x02d951	Unwind@1002d951	ANALYSIS	undefined Unwind@1002d951(void)
func	0x02d964	Unwind@1002d964	ANALYSIS	undefined Unwind@1002d964(void)
func	0x02d96f	Unwind@1002d96f	ANALYSIS	undefined Unwind@1002d96f(void)
func	0x02d97a	Unwind@1002d97a	ANALYSIS	undefined Unwind@1002d97a(void)
func	0x02d985	Unwind@1002d985	ANALYSIS	undefined Unwind@1002d985(void)
func	0x02d98d	Unwind@1002d98d	ANALYSIS	undefined Unwind@1002d98d(void)
func	0x02d995	Unwind@1002d995	ANALYSIS	undefined Unwind@1002d995(void)
func	0x02d9a0	Unwind@1002d9a0	ANALYSIS	undefined Unwind@1002d9a0(void)
func	0x02d9a8	Unwind@1002d9a8	ANALYSIS	undefined Unwind@1002d9a8(void)
func	0x02d9b0	Unwind@1002d9b0	ANALYSIS	undefined Unwind@1002d9b0(void)
func	0x02d9b8	Unwind@1002d9b8	ANALYSIS	undefined Unwind@1002d9b8(void)
func	0x02d9c3	Unwind@1002d9c3	ANALYSIS	undefined Unwind@1002d9c3(void)
func	0x02d9ce	Unwind@1002d9ce	ANALYSIS	undefined Unwind@1002d9ce(void)
func	0x02d9d6	Unwind@1002d9d6	ANALYSIS	undefined Unwind@1002d9d6(void)
func	0x02d9e8	Unwind@1002d9e8	ANALYSIS	undefined Unwind@1002d9e8(void)
func	0x02d9f0	Unwind@1002d9f0	ANALYSIS	undefined Unwind@1002d9f0(void)
func	0x02d9fb	Unwind@1002d9fb	ANALYSIS	undefined Unwind@1002d9fb(void)
func	0x02da03	Unwind@1002da03	ANALYSIS	undefined Unwind@1002da03(void)
func	0x02da0b	Unwind@1002da0b	ANALYSIS	undefined Unwind@1002da0b(void)
func	0x02da13	Unwind@1002da13	ANALYSIS	undefined Unwind@1002da13(void)
func	0x02da28	Unwind@1002da28	ANALYSIS	undefined Unwind@1002da28(void)
func	0x02da33	Unwind@1002da33	ANALYSIS	undefined Unwind@1002da33(void)
func	0x02da3e	Unwind@1002da3e	ANALYSIS	undefined Unwind@1002da3e(void)
func	0x02da49	Unwind@1002da49	ANALYSIS	undefined Unwind@1002da49(void)
func	0x02da60	Unwind@1002da60	ANALYSIS	undefined Unwind@1002da60(void)
func	0x02da78	Unwind@1002da78	ANALYSIS	undefined Unwind@1002da78(void)
func	0x02da8c	Unwind@1002da8c	ANALYSIS	undefined Unwind@1002da8c(void)
func	0x02daac	Unwind@1002daac	ANALYSIS	undefined Unwind@1002daac(void)
func	0x02dab4	Unwind@1002dab4	ANALYSIS	undefined Unwind@1002dab4(void)
func	0x02dad4	Unwind@1002dad4	ANALYSIS	undefined Unwind@1002dad4(void)
func	0x02dae2	Unwind@1002dae2	ANALYSIS	undefined Unwind@1002dae2(void)
func	0x02daea	Unwind@1002daea	ANALYSIS	undefined Unwind@1002daea(void)
func	0x02db04	Unwind@1002db04	ANALYSIS	undefined Unwind@1002db04(void)
func	0x02db1c	Unwind@1002db1c	ANALYSIS	undefined Unwind@1002db1c(void)
func	0x02db30	Unwind@1002db30	ANALYSIS	undefined Unwind@1002db30(void)
func	0x02db48	Unwind@1002db48	ANALYSIS	undefined Unwind@1002db48(void)
func	0x02db5c	Unwind@1002db5c	ANALYSIS	undefined Unwind@1002db5c(void)
func	0x02db64	Unwind@1002db64	ANALYSIS	undefined Unwind@1002db64(void)
func	0x02db6c	Unwind@1002db6c	ANALYSIS	undefined Unwind@1002db6c(void)
func	0x02db80	Unwind@1002db80	ANALYSIS	undefined Unwind@1002db80(void)
func	0x02db94	Unwind@1002db94	ANALYSIS	undefined Unwind@1002db94(void)
func	0x02dba8	Unwind@1002dba8	ANALYSIS	undefined Unwind@1002dba8(void)
func	0x02dbbc	Unwind@1002dbbc	ANALYSIS	undefined Unwind@1002dbbc(void)
func	0x02dbd0	Unwind@1002dbd0	ANALYSIS	undefined Unwind@1002dbd0(void)
func	0x02dbe4	Unwind@1002dbe4	ANALYSIS	undefined Unwind@1002dbe4(void)
func	0x02dbf8	Unwind@1002dbf8	ANALYSIS	undefined Unwind@1002dbf8(void)
func	0x02dc0c	Unwind@1002dc0c	ANALYSIS	undefined Unwind@1002dc0c(void)
func	0x02dc17	Unwind@1002dc17	ANALYSIS	undefined Unwind@1002dc17(void)
func	0x02dc2c	Unwind@1002dc2c	ANALYSIS	undefined Unwind@1002dc2c(void)
func	0x02dc37	Unwind@1002dc37	ANALYSIS	undefined Unwind@1002dc37(void)
func	0x02dc4c	Unwind@1002dc4c	ANALYSIS	undefined Unwind@1002dc4c(void)
func	0x02dc60	Unwind@1002dc60	ANALYSIS	undefined Unwind@1002dc60(void)
func	0x02dc74	Unwind@1002dc74	ANALYSIS	undefined Unwind@1002dc74(void)
func	0x02dc7c	Unwind@1002dc7c	ANALYSIS	undefined Unwind@1002dc7c(void)
func	0x02dc94	Unwind@1002dc94	ANALYSIS	undefined Unwind@1002dc94(void)
func	0x02dc9c	Unwind@1002dc9c	ANALYSIS	undefined Unwind@1002dc9c(void)
func	0x02dcb4	Unwind@1002dcb4	ANALYSIS	undefined Unwind@1002dcb4(void)
func	0x02dcbc	Unwind@1002dcbc	ANALYSIS	undefined Unwind@1002dcbc(void)
func	0x02dcc4	Unwind@1002dcc4	ANALYSIS	undefined Unwind@1002dcc4(void)
func	0x02dccf	Unwind@1002dccf	ANALYSIS	undefined Unwind@1002dccf(void)
func	0x02dcda	Unwind@1002dcda	ANALYSIS	undefined Unwind@1002dcda(void)
func	0x02dcf0	Unwind@1002dcf0	ANALYSIS	undefined Unwind@1002dcf0(void)
func	0x02dd04	Unwind@1002dd04	ANALYSIS	undefined Unwind@1002dd04(void)
func	0x02dd18	Unwind@1002dd18	ANALYSIS	undefined Unwind@1002dd18(void)
func	0x02dd2c	Unwind@1002dd2c	ANALYSIS	undefined Unwind@1002dd2c(void)
func	0x02dd40	Unwind@1002dd40	ANALYSIS	undefined Unwind@1002dd40(void)
func	0x02dd48	Unwind@1002dd48	ANALYSIS	undefined Unwind@1002dd48(void)
func	0x02dd60	Unwind@1002dd60	ANALYSIS	undefined Unwind@1002dd60(void)
func	0x02dd68	Unwind@1002dd68	ANALYSIS	undefined Unwind@1002dd68(void)
func	0x02dd80	Unwind@1002dd80	ANALYSIS	undefined Unwind@1002dd80(void)
func	0x02dd94	Unwind@1002dd94	ANALYSIS	undefined Unwind@1002dd94(void)
func	0x02ddb4	Unwind@1002ddb4	ANALYSIS	undefined Unwind@1002ddb4(void)
func	0x02ddc8	Unwind@1002ddc8	ANALYSIS	undefined Unwind@1002ddc8(void)
func	0x02ddd0	Unwind@1002ddd0	ANALYSIS	undefined Unwind@1002ddd0(void)
func	0x02dde8	Unwind@1002dde8	ANALYSIS	undefined Unwind@1002dde8(void)
func	0x02ddf0	Unwind@1002ddf0	ANALYSIS	undefined Unwind@1002ddf0(void)
func	0x02de08	Unwind@1002de08	ANALYSIS	undefined Unwind@1002de08(void)
func	0x02de1c	Unwind@1002de1c	ANALYSIS	undefined Unwind@1002de1c(void)
func	0x02de24	Unwind@1002de24	ANALYSIS	undefined Unwind@1002de24(void)
func	0x02de2c	Unwind@1002de2c	ANALYSIS	undefined Unwind@1002de2c(void)
func	0x02de40	Unwind@1002de40	ANALYSIS	undefined Unwind@1002de40(void)
func	0x02de54	Unwind@1002de54	ANALYSIS	undefined Unwind@1002de54(void)
func	0x02de6b	Unwind@1002de6b	ANALYSIS	undefined Unwind@1002de6b(void)
func	0x02de73	Unwind@1002de73	ANALYSIS	undefined Unwind@1002de73(void)
func	0x02de7b	Unwind@1002de7b	ANALYSIS	undefined Unwind@1002de7b(void)
func	0x02de83	Unwind@1002de83	ANALYSIS	undefined Unwind@1002de83(void)
func	0x02de98	Unwind@1002de98	ANALYSIS	undefined Unwind@1002de98(void)
func	0x02deaf	Unwind@1002deaf	ANALYSIS	undefined Unwind@1002deaf(void)
func	0x02dec4	Unwind@1002dec4	ANALYSIS	undefined Unwind@1002dec4(void)
func	0x02dedb	Unwind@1002dedb	ANALYSIS	undefined Unwind@1002dedb(void)
func	0x02def0	Unwind@1002def0	ANALYSIS	undefined Unwind@1002def0(void)
func	0x02def8	Unwind@1002def8	ANALYSIS	undefined Unwind@1002def8(void)
func	0x02df0f	Unwind@1002df0f	ANALYSIS	undefined Unwind@1002df0f(void)
func	0x02df24	Unwind@1002df24	ANALYSIS	undefined Unwind@1002df24(void)
func	0x02df2f	Unwind@1002df2f	ANALYSIS	undefined Unwind@1002df2f(void)
func	0x02df44	Unwind@1002df44	ANALYSIS	undefined Unwind@1002df44(void)
func	0x02df4f	Unwind@1002df4f	ANALYSIS	undefined Unwind@1002df4f(void)
func	0x02df64	Unwind@1002df64	ANALYSIS	undefined Unwind@1002df64(void)
func	0x02df78	Unwind@1002df78	ANALYSIS	undefined Unwind@1002df78(void)
func	0x02df8c	Unwind@1002df8c	ANALYSIS	undefined Unwind@1002df8c(void)
func	0x02e000	Unwind@1002e000	ANALYSIS	undefined Unwind@1002e000(void)
func	0x02e00b	Unwind@1002e00b	ANALYSIS	undefined Unwind@1002e00b(void)
func	0x02e020	Unwind@1002e020	ANALYSIS	undefined Unwind@1002e020(void)
func	0x02e02b	Unwind@1002e02b	ANALYSIS	undefined Unwind@1002e02b(void)
func	0x02e036	Unwind@1002e036	ANALYSIS	undefined Unwind@1002e036(void)
func	0x02e04c	Unwind@1002e04c	ANALYSIS	undefined Unwind@1002e04c(void)
func	0x02e060	Unwind@1002e060	ANALYSIS	undefined Unwind@1002e060(void)
func	0x02e074	Unwind@1002e074	ANALYSIS	undefined Unwind@1002e074(void)
func	0x02e088	Unwind@1002e088	ANALYSIS	undefined Unwind@1002e088(void)
func	0x02e09c	Unwind@1002e09c	ANALYSIS	undefined Unwind@1002e09c(void)
func	0x02e0b0	Unwind@1002e0b0	ANALYSIS	undefined Unwind@1002e0b0(void)
func	0x02e0b8	Unwind@1002e0b8	ANALYSIS	undefined Unwind@1002e0b8(void)
func	0x02e0c0	Unwind@1002e0c0	ANALYSIS	undefined Unwind@1002e0c0(void)
func	0x02e0c8	Unwind@1002e0c8	ANALYSIS	undefined Unwind@1002e0c8(void)
func	0x02e0d0	Unwind@1002e0d0	ANALYSIS	undefined Unwind@1002e0d0(void)
func	0x02e0d8	Unwind@1002e0d8	ANALYSIS	undefined Unwind@1002e0d8(void)
func	0x02e0e0	Unwind@1002e0e0	ANALYSIS	undefined Unwind@1002e0e0(void)
func	0x02e0e8	Unwind@1002e0e8	ANALYSIS	undefined Unwind@1002e0e8(void)
func	0x02e0f3	Unwind@1002e0f3	ANALYSIS	undefined Unwind@1002e0f3(void)
func	0x02e0fe	Unwind@1002e0fe	ANALYSIS	undefined Unwind@1002e0fe(void)
func	0x02e109	Unwind@1002e109	ANALYSIS	undefined Unwind@1002e109(void)
func	0x02e114	Unwind@1002e114	ANALYSIS	undefined Unwind@1002e114(void)
func	0x02e11f	Unwind@1002e11f	ANALYSIS	undefined Unwind@1002e11f(void)
func	0x02e134	Unwind@1002e134	ANALYSIS	undefined Unwind@1002e134(void)
func	0x02e13c	Unwind@1002e13c	ANALYSIS	undefined Unwind@1002e13c(void)
func	0x02e144	Unwind@1002e144	ANALYSIS	undefined Unwind@1002e144(void)
func	0x02e14c	Unwind@1002e14c	ANALYSIS	undefined Unwind@1002e14c(void)
func	0x02e154	Unwind@1002e154	ANALYSIS	undefined Unwind@1002e154(void)
func	0x02e168	Unwind@1002e168	ANALYSIS	undefined Unwind@1002e168(void)
func	0x02e170	Unwind@1002e170	ANALYSIS	undefined Unwind@1002e170(void)
func	0x02e178	Unwind@1002e178	ANALYSIS	undefined Unwind@1002e178(void)
func	0x02e180	Unwind@1002e180	ANALYSIS	undefined Unwind@1002e180(void)
func	0x02e188	Unwind@1002e188	ANALYSIS	undefined Unwind@1002e188(void)
func	0x02e190	Unwind@1002e190	ANALYSIS	undefined Unwind@1002e190(void)
func	0x02e19b	Unwind@1002e19b	ANALYSIS	undefined Unwind@1002e19b(void)
func	0x02e1b0	Unwind@1002e1b0	ANALYSIS	undefined Unwind@1002e1b0(void)
func	0x02e1c4	Unwind@1002e1c4	ANALYSIS	undefined Unwind@1002e1c4(void)
func	0x02e1cc	Unwind@1002e1cc	ANALYSIS	undefined Unwind@1002e1cc(void)
func	0x02e1e0	Unwind@1002e1e0	ANALYSIS	undefined Unwind@1002e1e0(void)
func	0x02e1e8	Unwind@1002e1e8	ANALYSIS	undefined Unwind@1002e1e8(void)
func	0x02e1f0	Unwind@1002e1f0	ANALYSIS	undefined Unwind@1002e1f0(void)
func	0x02e204	Unwind@1002e204	ANALYSIS	undefined Unwind@1002e204(void)
func	0x02e20c	Unwind@1002e20c	ANALYSIS	undefined Unwind@1002e20c(void)
func	0x02e220	Unwind@1002e220	ANALYSIS	undefined Unwind@1002e220(void)
func	0x02e234	Unwind@1002e234	ANALYSIS	undefined Unwind@1002e234(void)
func	0x02e248	Unwind@1002e248	ANALYSIS	undefined Unwind@1002e248(void)
func	0x02e25c	Unwind@1002e25c	ANALYSIS	undefined Unwind@1002e25c(void)
func	0x02e26a	Unwind@1002e26a	ANALYSIS	undefined Unwind@1002e26a(void)
func	0x02e272	Unwind@1002e272	ANALYSIS	undefined Unwind@1002e272(void)
func	0x02e28c	Unwind@1002e28c	ANALYSIS	undefined Unwind@1002e28c(void)
func	0x02e2a4	Unwind@1002e2a4	ANALYSIS	undefined Unwind@1002e2a4(void)
func	0x02e2b8	Unwind@1002e2b8	ANALYSIS	undefined Unwind@1002e2b8(void)
func	0x02e2d0	Unwind@1002e2d0	ANALYSIS	undefined Unwind@1002e2d0(void)
func	0x02e2e8	Unwind@1002e2e8	ANALYSIS	undefined Unwind@1002e2e8(void)
func	0x02e2f3	Unwind@1002e2f3	ANALYSIS	undefined Unwind@1002e2f3(void)
func	0x02e2fe	Unwind@1002e2fe	ANALYSIS	undefined Unwind@1002e2fe(void)
func	0x02e309	Unwind@1002e309	ANALYSIS	undefined Unwind@1002e309(void)
func	0x02e320	Unwind@1002e320	ANALYSIS	undefined Unwind@1002e320(void)
func	0x02e334	Unwind@1002e334	ANALYSIS	undefined Unwind@1002e334(void)
func	0x02e33f	Unwind@1002e33f	ANALYSIS	undefined Unwind@1002e33f(void)
func	0x02e34a	Unwind@1002e34a	ANALYSIS	undefined Unwind@1002e34a(void)
func	0x02e355	Unwind@1002e355	ANALYSIS	undefined Unwind@1002e355(void)
func	0x02e370	Unwind@1002e370	ANALYSIS	undefined Unwind@1002e370(void)
func	0x02e388	Unwind@1002e388	ANALYSIS	undefined Unwind@1002e388(void)
func	0x02e39c	Unwind@1002e39c	ANALYSIS	undefined Unwind@1002e39c(void)
func	0x02e3f8	Unwind@1002e3f8	ANALYSIS	undefined Unwind@1002e3f8(void)
func	0x02e40c	Unwind@1002e40c	ANALYSIS	undefined Unwind@1002e40c(void)
func	0x02e420	Unwind@1002e420	ANALYSIS	undefined Unwind@1002e420(void)
func	0x02e444	Unwind@1002e444	ANALYSIS	undefined Unwind@1002e444(void)
func	0x02e45c	Unwind@1002e45c	ANALYSIS	undefined Unwind@1002e45c(void)
func	0x02e474	Unwind@1002e474	ANALYSIS	undefined Unwind@1002e474(void)
func	0x02e47f	Unwind@1002e47f	ANALYSIS	undefined Unwind@1002e47f(void)
func	0x02e494	Unwind@1002e494	ANALYSIS	undefined Unwind@1002e494(void)
func	0x02e4a8	Unwind@1002e4a8	ANALYSIS	undefined Unwind@1002e4a8(void)
func	0x02e4bc	Unwind@1002e4bc	ANALYSIS	undefined Unwind@1002e4bc(void)
func	0x02e4d0	Unwind@1002e4d0	ANALYSIS	undefined Unwind@1002e4d0(void)
func	0x02e4e4	Unwind@1002e4e4	ANALYSIS	undefined Unwind@1002e4e4(void)
func	0x02e4f8	Unwind@1002e4f8	ANALYSIS	undefined Unwind@1002e4f8(void)
func	0x02e500	Unwind@1002e500	ANALYSIS	undefined Unwind@1002e500(void)
func	0x02e50b	Unwind@1002e50b	ANALYSIS	undefined Unwind@1002e50b(void)
func	0x02e520	Unwind@1002e520	ANALYSIS	undefined Unwind@1002e520(void)
func	0x02e52b	Unwind@1002e52b	ANALYSIS	undefined Unwind@1002e52b(void)
func	0x02e533	Unwind@1002e533	ANALYSIS	undefined Unwind@1002e533(void)
func	0x02e53b	Unwind@1002e53b	ANALYSIS	undefined Unwind@1002e53b(void)
func	0x02e543	Unwind@1002e543	ANALYSIS	undefined Unwind@1002e543(void)
func	0x02e54b	Unwind@1002e54b	ANALYSIS	undefined Unwind@1002e54b(void)
func	0x02e553	Unwind@1002e553	ANALYSIS	undefined Unwind@1002e553(void)
func	0x02e55b	Unwind@1002e55b	ANALYSIS	undefined Unwind@1002e55b(void)
func	0x02e566	Unwind@1002e566	ANALYSIS	undefined Unwind@1002e566(void)
func	0x02e56e	Unwind@1002e56e	ANALYSIS	undefined Unwind@1002e56e(void)
func	0x02e576	Unwind@1002e576	ANALYSIS	undefined Unwind@1002e576(void)
func	0x02e57e	Unwind@1002e57e	ANALYSIS	undefined Unwind@1002e57e(void)
func	0x02e594	Unwind@1002e594	ANALYSIS	undefined Unwind@1002e594(void)
func	0x02e59f	Unwind@1002e59f	ANALYSIS	undefined Unwind@1002e59f(void)
func	0x02e5a7	Unwind@1002e5a7	ANALYSIS	undefined Unwind@1002e5a7(void)
func	0x02e5b2	Unwind@1002e5b2	ANALYSIS	undefined Unwind@1002e5b2(void)
func	0x02e5ba	Unwind@1002e5ba	ANALYSIS	undefined Unwind@1002e5ba(void)
func	0x02e5c2	Unwind@1002e5c2	ANALYSIS	undefined Unwind@1002e5c2(void)
func	0x02e5ca	Unwind@1002e5ca	ANALYSIS	undefined Unwind@1002e5ca(void)
func	0x02e5d2	Unwind@1002e5d2	ANALYSIS	undefined Unwind@1002e5d2(void)
func	0x02e5da	Unwind@1002e5da	ANALYSIS	undefined Unwind@1002e5da(void)
func	0x02e5e2	Unwind@1002e5e2	ANALYSIS	undefined Unwind@1002e5e2(void)
func	0x02e5ea	Unwind@1002e5ea	ANALYSIS	undefined Unwind@1002e5ea(void)
func	0x02e5f2	Unwind@1002e5f2	ANALYSIS	undefined Unwind@1002e5f2(void)
func	0x02e5fa	Unwind@1002e5fa	ANALYSIS	undefined Unwind@1002e5fa(void)
func	0x02e605	Unwind@1002e605	ANALYSIS	undefined Unwind@1002e605(void)
func	0x02e610	Unwind@1002e610	ANALYSIS	undefined Unwind@1002e610(void)
func	0x02e618	Unwind@1002e618	ANALYSIS	undefined Unwind@1002e618(void)
func	0x02e620	Unwind@1002e620	ANALYSIS	undefined Unwind@1002e620(void)
func	0x02e634	Unwind@1002e634	ANALYSIS	undefined Unwind@1002e634(void)
func	0x02e63c	Unwind@1002e63c	ANALYSIS	undefined Unwind@1002e63c(void)
func	0x02e644	Unwind@1002e644	ANALYSIS	undefined Unwind@1002e644(void)
func	0x02e64c	Unwind@1002e64c	ANALYSIS	undefined Unwind@1002e64c(void)
func	0x02e654	Unwind@1002e654	ANALYSIS	undefined Unwind@1002e654(void)
func	0x02e65c	Unwind@1002e65c	ANALYSIS	undefined Unwind@1002e65c(void)
func	0x02e664	Unwind@1002e664	ANALYSIS	undefined Unwind@1002e664(void)
func	0x02e66c	Unwind@1002e66c	ANALYSIS	undefined Unwind@1002e66c(void)
func	0x02e674	Unwind@1002e674	ANALYSIS	undefined Unwind@1002e674(void)
func	0x02e688	Unwind@1002e688	ANALYSIS	undefined Unwind@1002e688(void)
func	0x02e69c	Unwind@1002e69c	ANALYSIS	undefined Unwind@1002e69c(void)
func	0x02e6b0	Unwind@1002e6b0	ANALYSIS	undefined Unwind@1002e6b0(void)
func	0x02e6b8	Unwind@1002e6b8	ANALYSIS	undefined Unwind@1002e6b8(void)
func	0x02e6c0	Unwind@1002e6c0	ANALYSIS	undefined Unwind@1002e6c0(void)
func	0x02e6d4	Unwind@1002e6d4	ANALYSIS	undefined Unwind@1002e6d4(void)
func	0x02e6e8	Unwind@1002e6e8	ANALYSIS	undefined Unwind@1002e6e8(void)
func	0x02e6f0	Unwind@1002e6f0	ANALYSIS	undefined Unwind@1002e6f0(void)
func	0x02e6fb	Unwind@1002e6fb	ANALYSIS	undefined Unwind@1002e6fb(void)
func	0x02e706	Unwind@1002e706	ANALYSIS	undefined Unwind@1002e706(void)
func	0x02e71c	Unwind@1002e71c	ANALYSIS	undefined Unwind@1002e71c(void)
func	0x02e724	Unwind@1002e724	ANALYSIS	undefined Unwind@1002e724(void)
func	0x02e72c	Unwind@1002e72c	ANALYSIS	undefined Unwind@1002e72c(void)
func	0x02e734	Unwind@1002e734	ANALYSIS	undefined Unwind@1002e734(void)
func	0x02e748	Unwind@1002e748	ANALYSIS	undefined Unwind@1002e748(void)
func	0x02e75c	Unwind@1002e75c	ANALYSIS	undefined Unwind@1002e75c(void)
func	0x02e770	Unwind@1002e770	ANALYSIS	undefined Unwind@1002e770(void)
func	0x02e788	Unwind@1002e788	ANALYSIS	undefined Unwind@1002e788(void)
func	0x02e79c	Unwind@1002e79c	ANALYSIS	undefined Unwind@1002e79c(void)
func	0x02e7b4	Unwind@1002e7b4	ANALYSIS	undefined Unwind@1002e7b4(void)
func	0x02e7d4	Unwind@1002e7d4	ANALYSIS	undefined Unwind@1002e7d4(void)
func	0x02e7e8	Unwind@1002e7e8	ANALYSIS	undefined Unwind@1002e7e8(void)
func	0x02e7f0	Unwind@1002e7f0	ANALYSIS	undefined Unwind@1002e7f0(void)
func	0x02e807	Unwind@1002e807	ANALYSIS	undefined Unwind@1002e807(void)
func	0x02e81c	Unwind@1002e81c	ANALYSIS	undefined Unwind@1002e81c(void)
func	0x02e830	Unwind@1002e830	ANALYSIS	undefined Unwind@1002e830(void)
func	0x02e83b	Unwind@1002e83b	ANALYSIS	undefined Unwind@1002e83b(void)
func	0x02e843	Unwind@1002e843	ANALYSIS	undefined Unwind@1002e843(void)
func	0x02e84b	Unwind@1002e84b	ANALYSIS	undefined Unwind@1002e84b(void)
func	0x02e853	Unwind@1002e853	ANALYSIS	undefined Unwind@1002e853(void)
func	0x02e85b	Unwind@1002e85b	ANALYSIS	undefined Unwind@1002e85b(void)
func	0x02e863	Unwind@1002e863	ANALYSIS	undefined Unwind@1002e863(void)
func	0x02e86b	Unwind@1002e86b	ANALYSIS	undefined Unwind@1002e86b(void)
func	0x02e873	Unwind@1002e873	ANALYSIS	undefined Unwind@1002e873(void)
func	0x02e87e	Unwind@1002e87e	ANALYSIS	undefined Unwind@1002e87e(void)
func	0x02e889	Unwind@1002e889	ANALYSIS	undefined Unwind@1002e889(void)
func	0x02e894	Unwind@1002e894	ANALYSIS	undefined Unwind@1002e894(void)
func	0x02e89f	Unwind@1002e89f	ANALYSIS	undefined Unwind@1002e89f(void)
func	0x02e8aa	Unwind@1002e8aa	ANALYSIS	undefined Unwind@1002e8aa(void)
func	0x02e8b5	Unwind@1002e8b5	ANALYSIS	undefined Unwind@1002e8b5(void)
func	0x02e8c0	Unwind@1002e8c0	ANALYSIS	undefined Unwind@1002e8c0(void)
func	0x02e8cb	Unwind@1002e8cb	ANALYSIS	undefined Unwind@1002e8cb(void)
func	0x02e8d3	Unwind@1002e8d3	ANALYSIS	undefined Unwind@1002e8d3(void)
func	0x02e8de	Unwind@1002e8de	ANALYSIS	undefined Unwind@1002e8de(void)
func	0x02e8e9	Unwind@1002e8e9	ANALYSIS	undefined Unwind@1002e8e9(void)
func	0x02e8f1	Unwind@1002e8f1	ANALYSIS	undefined Unwind@1002e8f1(void)
func	0x02e8fc	Unwind@1002e8fc	ANALYSIS	undefined Unwind@1002e8fc(void)
func	0x02e907	Unwind@1002e907	ANALYSIS	undefined Unwind@1002e907(void)
func	0x02e912	Unwind@1002e912	ANALYSIS	undefined Unwind@1002e912(void)
func	0x02e91d	Unwind@1002e91d	ANALYSIS	undefined Unwind@1002e91d(void)
func	0x02e928	Unwind@1002e928	ANALYSIS	undefined Unwind@1002e928(void)
func	0x02e933	Unwind@1002e933	ANALYSIS	undefined Unwind@1002e933(void)
func	0x02e93e	Unwind@1002e93e	ANALYSIS	undefined Unwind@1002e93e(void)
func	0x02e949	Unwind@1002e949	ANALYSIS	undefined Unwind@1002e949(void)
func	0x02e954	Unwind@1002e954	ANALYSIS	undefined Unwind@1002e954(void)
func	0x02e95f	Unwind@1002e95f	ANALYSIS	undefined Unwind@1002e95f(void)
func	0x02e96a	Unwind@1002e96a	ANALYSIS	undefined Unwind@1002e96a(void)
func	0x02e975	Unwind@1002e975	ANALYSIS	undefined Unwind@1002e975(void)
func	0x02e980	Unwind@1002e980	ANALYSIS	undefined Unwind@1002e980(void)
func	0x02e98b	Unwind@1002e98b	ANALYSIS	undefined Unwind@1002e98b(void)
func	0x02e9a0	Unwind@1002e9a0	ANALYSIS	undefined Unwind@1002e9a0(void)
func	0x02e9c0	Unwind@1002e9c0	ANALYSIS	undefined Unwind@1002e9c0(void)
func	0x02e9ec	Unwind@1002e9ec	ANALYSIS	undefined Unwind@1002e9ec(void)
func	0x02e9f4	Unwind@1002e9f4	ANALYSIS	undefined Unwind@1002e9f4(void)
func	0x02ea0c	Unwind@1002ea0c	ANALYSIS	undefined Unwind@1002ea0c(void)
func	0x02ea14	Unwind@1002ea14	ANALYSIS	undefined Unwind@1002ea14(void)
func	0x02ea2c	Unwind@1002ea2c	ANALYSIS	undefined Unwind@1002ea2c(void)
func	0x02ea34	Unwind@1002ea34	ANALYSIS	undefined Unwind@1002ea34(void)
func	0x02ea3c	Unwind@1002ea3c	ANALYSIS	undefined Unwind@1002ea3c(void)
func	0x02ea44	Unwind@1002ea44	ANALYSIS	undefined Unwind@1002ea44(void)
func	0x02ea4c	Unwind@1002ea4c	ANALYSIS	undefined Unwind@1002ea4c(void)
func	0x02ea60	Unwind@1002ea60	ANALYSIS	undefined Unwind@1002ea60(void)
func	0x02ea68	Unwind@1002ea68	ANALYSIS	undefined Unwind@1002ea68(void)
func	0x02ea70	Unwind@1002ea70	ANALYSIS	undefined Unwind@1002ea70(void)
func	0x02ea78	Unwind@1002ea78	ANALYSIS	undefined Unwind@1002ea78(void)
func	0x02ea80	Unwind@1002ea80	ANALYSIS	undefined Unwind@1002ea80(void)
func	0x02ea94	Unwind@1002ea94	ANALYSIS	undefined Unwind@1002ea94(void)
func	0x02eaa8	Unwind@1002eaa8	ANALYSIS	undefined Unwind@1002eaa8(void)
func	0x02eab3	Unwind@1002eab3	ANALYSIS	undefined Unwind@1002eab3(void)
func	0x02eabb	Unwind@1002eabb	ANALYSIS	undefined Unwind@1002eabb(void)
func	0x02ead0	Unwind@1002ead0	ANALYSIS	undefined Unwind@1002ead0(void)
func	0x02eadb	Unwind@1002eadb	ANALYSIS	undefined Unwind@1002eadb(void)
func	0x02eae6	Unwind@1002eae6	ANALYSIS	undefined Unwind@1002eae6(void)
func	0x02eaf1	Unwind@1002eaf1	ANALYSIS	undefined Unwind@1002eaf1(void)
func	0x02eafc	Unwind@1002eafc	ANALYSIS	undefined Unwind@1002eafc(void)
func	0x02eb07	Unwind@1002eb07	ANALYSIS	undefined Unwind@1002eb07(void)
func	0x02eb0f	Unwind@1002eb0f	ANALYSIS	undefined Unwind@1002eb0f(void)
func	0x02eb17	Unwind@1002eb17	ANALYSIS	undefined Unwind@1002eb17(void)
func	0x02eb2c	Unwind@1002eb2c	ANALYSIS	undefined Unwind@1002eb2c(void)
func	0x02eb37	Unwind@1002eb37	ANALYSIS	undefined Unwind@1002eb37(void)
func	0x02eb42	Unwind@1002eb42	ANALYSIS	undefined Unwind@1002eb42(void)
func	0x02eb4d	Unwind@1002eb4d	ANALYSIS	undefined Unwind@1002eb4d(void)
func	0x02eb58	Unwind@1002eb58	ANALYSIS	undefined Unwind@1002eb58(void)
func	0x02eb60	Unwind@1002eb60	ANALYSIS	undefined Unwind@1002eb60(void)
func	0x02eb74	Unwind@1002eb74	ANALYSIS	undefined Unwind@1002eb74(void)
func	0x02eb88	Unwind@1002eb88	ANALYSIS	undefined Unwind@1002eb88(void)
func	0x02eb9c	Unwind@1002eb9c	ANALYSIS	undefined Unwind@1002eb9c(void)
